query,q0,docid,rank,score,system
151,Q0,WSJ870428-0145,1,130.46165174640365,minmaxnorm
151,Q0,AP890523-0126,2,123.5095482522027,minmaxnorm
151,Q0,AP890125-0112,3,119.38790151444887,minmaxnorm
151,Q0,AP890116-0047,4,119.31822585372932,minmaxnorm
151,Q0,AP890411-0076,5,114.52084951502958,minmaxnorm
151,Q0,AP890105-0133,6,111.27307136158288,minmaxnorm
151,Q0,AP890408-0056,7,110.55385417128419,minmaxnorm
151,Q0,AP891030-0017,8,107.22937421131053,minmaxnorm
151,Q0,AP890309-0036,9,106.28435064883107,minmaxnorm
151,Q0,AP891121-0179,10,104.15810487712776,minmaxnorm
151,Q0,AP890406-0085,11,103.96800800804601,minmaxnorm
151,Q0,AP890130-0060,12,103.06570889944112,minmaxnorm
151,Q0,AP880814-0089,13,102.91754617816068,minmaxnorm
151,Q0,AP881005-0001,14,100.59237584689721,minmaxnorm
151,Q0,AP891028-0154,15,100.56268566992885,minmaxnorm
151,Q0,AP880815-0061,16,100.529507350111,minmaxnorm
151,Q0,AP890125-0159,17,98.97210359325145,minmaxnorm
151,Q0,AP890524-0260,18,98.5697122167296,minmaxnorm
151,Q0,AP890916-0165,19,95.95016773126297,minmaxnorm
151,Q0,AP890408-0004,20,94.1922057975901,minmaxnorm
151,Q0,AP881206-0124,21,93.06283770311971,minmaxnorm
151,Q0,AP881225-0044,22,92.94643824834975,minmaxnorm
151,Q0,WSJ870205-0131,23,92.43030728402077,minmaxnorm
151,Q0,AP890105-0215,24,90.59616776800225,minmaxnorm
151,Q0,AP890408-0092,25,90.58998473572531,minmaxnorm
151,Q0,AP881108-0076,26,89.6834652372692,minmaxnorm
151,Q0,AP881004-0180,27,89.67843352019824,minmaxnorm
151,Q0,AP890913-0033,28,89.59026058346781,minmaxnorm
151,Q0,AP881223-0053,29,86.741208803073,minmaxnorm
151,Q0,AP890912-0102,30,85.76559042566883,minmaxnorm
151,Q0,AP881002-0014,31,84.99560412516868,minmaxnorm
151,Q0,AP890827-0067,32,84.61204117383744,minmaxnorm
151,Q0,AP891028-0033,33,83.57896097510859,minmaxnorm
151,Q0,AP880827-0092,34,82.1677865288896,minmaxnorm
151,Q0,AP881021-0218,35,80.67915869797417,minmaxnorm
151,Q0,AP890617-0085,36,80.60805204529376,minmaxnorm
151,Q0,AP890121-0128,37,80.28213038056596,minmaxnorm
151,Q0,WSJ910703-0180,38,79.91611265482034,minmaxnorm
151,Q0,AP881211-0022,39,79.64620977333517,minmaxnorm
151,Q0,AP891022-0032,40,78.17215363608919,minmaxnorm
151,Q0,AP891101-0115,41,77.41865485769905,minmaxnorm
151,Q0,AP890220-0067,42,77.29102557374566,minmaxnorm
151,Q0,AP891204-0021,43,77.05925319342064,minmaxnorm
151,Q0,AP891027-0057,44,77.04106949281181,minmaxnorm
151,Q0,AP880825-0054,45,77.00176172053155,minmaxnorm
151,Q0,AP890908-0081,46,76.61504581964998,minmaxnorm
151,Q0,AP890220-0101,47,76.59383532255414,minmaxnorm
151,Q0,AP880726-0173,48,75.81738531541527,minmaxnorm
151,Q0,AP880926-0180,49,74.55772698112418,minmaxnorm
151,Q0,AP890121-0018,50,73.47711344035106,minmaxnorm
151,Q0,AP881202-0169,51,72.9814675195286,minmaxnorm
151,Q0,AP891126-0024,52,72.36070193341277,minmaxnorm
151,Q0,AP880607-0210,53,72.36056317615696,minmaxnorm
151,Q0,AP890914-0136,54,72.17348078295572,minmaxnorm
151,Q0,AP890430-0076,55,71.62922924424872,minmaxnorm
151,Q0,AP890502-0166,56,71.46718404138838,minmaxnorm
151,Q0,AP890912-0203,57,70.8210175009215,minmaxnorm
151,Q0,AP891027-0114,58,68.87611358434745,minmaxnorm
151,Q0,AP890409-0046,59,68.10429386128973,minmaxnorm
151,Q0,AP881006-0202,60,68.09040402674036,minmaxnorm
151,Q0,AP890523-0112,61,66.16337365296815,minmaxnorm
151,Q0,AP890705-0046,62,66.05759629456087,minmaxnorm
151,Q0,AP890729-0033,63,65.8795282954798,minmaxnorm
151,Q0,AP891026-0098,64,64.16234590885979,minmaxnorm
151,Q0,WSJ920116-0091,65,63.90301037546904,minmaxnorm
151,Q0,AP891027-0212,66,63.71662795505917,minmaxnorm
151,Q0,WSJ870116-0120,67,63.63411140383241,minmaxnorm
151,Q0,AP880704-0017,68,63.3385602831515,minmaxnorm
151,Q0,AP891027-0063,69,63.134312997601505,minmaxnorm
151,Q0,AP890228-0061,70,62.66770426314172,minmaxnorm
151,Q0,AP880608-0110,71,62.43081783835726,minmaxnorm
151,Q0,AP880802-0213,72,61.5599268608705,minmaxnorm
151,Q0,AP891203-0056,73,61.5206105877732,minmaxnorm
151,Q0,AP880515-0009,74,61.430861174534314,minmaxnorm
151,Q0,AP881123-0150,75,61.32312020650728,minmaxnorm
151,Q0,WSJ870626-0142,76,60.42813232549648,minmaxnorm
151,Q0,AP880505-0074,77,60.38520503665718,minmaxnorm
151,Q0,AP890927-0058,78,60.349642354318085,minmaxnorm
151,Q0,AP891216-0107,79,60.34597299305157,minmaxnorm
151,Q0,WSJ871201-0094,80,60.103328353432296,minmaxnorm
151,Q0,AP880502-0187,81,59.22611418030217,minmaxnorm
151,Q0,AP890217-0143,82,58.57381248230958,minmaxnorm
151,Q0,AP890605-0117,83,57.39499787903286,minmaxnorm
151,Q0,WSJ910618-0051,84,56.972178394351495,minmaxnorm
151,Q0,AP880626-0032,85,56.89442793096751,minmaxnorm
151,Q0,AP880726-0043,86,56.849817289895284,minmaxnorm
151,Q0,AP880611-0042,87,56.00430107801653,minmaxnorm
151,Q0,AP891030-0204,88,55.774458744754334,minmaxnorm
151,Q0,AP890811-0134,89,54.926388623344245,minmaxnorm
151,Q0,WSJ870522-0160,90,54.73381814043454,minmaxnorm
151,Q0,AP881225-0001,91,54.22161426744956,minmaxnorm
151,Q0,AP880720-0133,92,54.0114609117213,minmaxnorm
151,Q0,AP890417-0068,93,53.17014304374398,minmaxnorm
151,Q0,WSJ870928-0128,94,53.131138107691825,minmaxnorm
151,Q0,WSJ920203-0086,95,52.97909127410136,minmaxnorm
151,Q0,AP890408-0024,96,52.52674088594238,minmaxnorm
151,Q0,AP890112-0002,97,52.251563239380594,minmaxnorm
151,Q0,AP890318-0072,98,51.80686475142535,minmaxnorm
151,Q0,AP890107-0063,99,49.837507476655944,minmaxnorm
151,Q0,AP890412-0141,100,49.449051715687695,minmaxnorm
151,Q0,AP881108-0058,101,49.03902582833545,minmaxnorm
151,Q0,AP890720-0166,102,48.01627519626651,minmaxnorm
151,Q0,WSJ880415-0141,103,47.83196290471756,minmaxnorm
151,Q0,AP890316-0106,104,47.669195423309716,minmaxnorm
151,Q0,AP890928-0092,105,47.248395779631736,minmaxnorm
151,Q0,AP890106-0125,106,45.4911309153178,minmaxnorm
151,Q0,AP880516-0128,107,45.36024027722847,minmaxnorm
151,Q0,AP890512-0056,108,45.106195702398395,minmaxnorm
151,Q0,AP880921-0032,109,44.79786455848794,minmaxnorm
151,Q0,WSJ890920-0157,110,44.77648842166167,minmaxnorm
151,Q0,AP881029-0108,111,44.769308555054316,minmaxnorm
151,Q0,WSJ910415-0168,112,44.75956775744087,minmaxnorm
151,Q0,AP880901-0150,113,44.70050582777015,minmaxnorm
151,Q0,AP880218-0080,114,43.592077074577126,minmaxnorm
151,Q0,AP890828-0111,115,43.508294758394726,minmaxnorm
151,Q0,AP890511-0126,116,43.48696810696315,minmaxnorm
151,Q0,AP891026-0228,117,43.1052162472305,minmaxnorm
151,Q0,AP880407-0251,118,42.94463653564506,minmaxnorm
151,Q0,AP890509-0113,119,42.92612325109824,minmaxnorm
151,Q0,WSJ920211-0176,120,42.446455714786644,minmaxnorm
151,Q0,AP881214-0042,121,41.48048521900149,minmaxnorm
151,Q0,AP880414-0081,122,40.82973343600176,minmaxnorm
151,Q0,AP881122-0059,123,40.4866530245211,minmaxnorm
151,Q0,AP880630-0038,124,40.42006849318817,minmaxnorm
151,Q0,AP880608-0250,125,40.185260963710654,minmaxnorm
151,Q0,ZF207-314-574,126,40.14267816755502,minmaxnorm
151,Q0,AP890714-0208,127,40.09351206230911,minmaxnorm
151,Q0,AP880721-0145,128,39.57850191970644,minmaxnorm
151,Q0,AP880516-0220,129,39.455443235496666,minmaxnorm
151,Q0,AP890501-0151,130,39.32548911371803,minmaxnorm
151,Q0,AP890119-0113,131,39.2998779137998,minmaxnorm
151,Q0,WSJ870223-0156,132,39.091812843694306,minmaxnorm
151,Q0,AP890301-0228,133,38.96326752178026,minmaxnorm
151,Q0,AP880324-0249,134,38.81077788091786,minmaxnorm
151,Q0,WSJ910906-0119,135,38.40804812712957,minmaxnorm
151,Q0,AP890228-0135,136,38.37162715154232,minmaxnorm
151,Q0,AP880802-0038,137,38.25808501866034,minmaxnorm
151,Q0,AP880218-0049,138,38.03616968329125,minmaxnorm
151,Q0,AP890627-0212,139,37.63919148961723,minmaxnorm
151,Q0,WSJ880608-0076,140,37.512063712666375,minmaxnorm
151,Q0,WSJ880502-0054,141,37.49845074469845,minmaxnorm
151,Q0,AP881122-0004,142,37.443482698002065,minmaxnorm
151,Q0,AP880603-0093,143,37.19313967604522,minmaxnorm
151,Q0,AP880716-0089,144,36.94349989180723,minmaxnorm
151,Q0,WSJ910703-0011,145,36.90245872034799,minmaxnorm
151,Q0,AP880817-0119,146,36.75277392624617,minmaxnorm
151,Q0,AP890303-0051,147,36.71765818899763,minmaxnorm
151,Q0,AP890109-0068,148,36.3463224111833,minmaxnorm
151,Q0,AP890314-0143,149,36.22687910330832,minmaxnorm
151,Q0,AP890411-0127,150,36.21996919985496,minmaxnorm
151,Q0,AP881104-0269,151,35.96804191018528,minmaxnorm
151,Q0,AP881110-0069,152,35.541900275345675,minmaxnorm
151,Q0,AP891010-0138,153,35.25440494833562,minmaxnorm
151,Q0,AP880802-0131,154,35.195639935046096,minmaxnorm
151,Q0,AP890831-0101,155,35.04988784526274,minmaxnorm
151,Q0,WSJ910528-0132,156,34.97730573556793,minmaxnorm
151,Q0,WSJ900904-0025,157,34.95064350033081,minmaxnorm
151,Q0,AP880620-0059,158,34.859224243433914,minmaxnorm
151,Q0,WSJ870609-0032,159,34.75076384032085,minmaxnorm
151,Q0,AP891024-0082,160,34.735140829231334,minmaxnorm
151,Q0,AP890412-0225,161,34.53126387780831,minmaxnorm
151,Q0,WSJ911209-0035,162,34.22120006575981,minmaxnorm
151,Q0,AP881123-0232,163,34.00484836816702,minmaxnorm
151,Q0,WSJ911129-0130,164,33.86808610909402,minmaxnorm
151,Q0,AP881223-0014,165,33.62505571480904,minmaxnorm
151,Q0,AP880802-0001,166,33.17073342925602,minmaxnorm
151,Q0,AP890109-0021,167,33.05872444217301,minmaxnorm
151,Q0,AP881108-0181,168,32.98143200048684,minmaxnorm
151,Q0,AP891208-0177,169,32.87612291565088,minmaxnorm
151,Q0,AP890819-0006,170,32.75882550319853,minmaxnorm
151,Q0,AP880520-0157,171,32.72253605928685,minmaxnorm
151,Q0,WSJ910520-0031,172,32.5660314973802,minmaxnorm
151,Q0,AP890612-0004,173,32.54240077092673,minmaxnorm
151,Q0,AP890306-0173,174,32.21022729716351,minmaxnorm
151,Q0,AP881101-0053,175,32.205868039570014,minmaxnorm
151,Q0,AP891025-0002,176,32.13617886642639,minmaxnorm
151,Q0,AP890605-0119,177,32.03983276570266,minmaxnorm
151,Q0,AP880803-0012,178,31.74942972800594,minmaxnorm
151,Q0,AP890918-0115,179,31.694054123926414,minmaxnorm
151,Q0,WSJ870402-0118,180,31.487888099011776,minmaxnorm
151,Q0,AP880315-0054,181,31.440082210012765,minmaxnorm
151,Q0,AP890911-0096,182,31.006379453163003,minmaxnorm
151,Q0,AP880609-0145,183,30.98504857527389,minmaxnorm
151,Q0,AP890524-0037,184,30.804336735297003,minmaxnorm
151,Q0,AP890810-0008,185,30.62501965768827,minmaxnorm
151,Q0,AP881102-0233,186,30.340714568084035,minmaxnorm
151,Q0,AP890524-0073,187,30.18850254962258,minmaxnorm
151,Q0,AP891227-0098,188,30.07820413994327,minmaxnorm
151,Q0,AP881214-0158,189,30.073177925041563,minmaxnorm
151,Q0,WSJ881102-0111,190,29.90573066558333,minmaxnorm
151,Q0,AP880815-0079,191,29.883282706914255,minmaxnorm
151,Q0,AP880510-0247,192,29.801236672513127,minmaxnorm
151,Q0,AP891226-0135,193,29.747039489663788,minmaxnorm
151,Q0,AP881206-0201,194,29.71742737661475,minmaxnorm
151,Q0,AP880920-0179,195,29.495419981408112,minmaxnorm
151,Q0,AP880619-0073,196,29.341008152897228,minmaxnorm
151,Q0,AP881019-0127,197,29.338535007348465,minmaxnorm
151,Q0,AP880720-0212,198,29.325356322031034,minmaxnorm
151,Q0,AP880521-0003,199,29.165851021877153,minmaxnorm
151,Q0,AP881212-0015,200,28.940296168216893,minmaxnorm
151,Q0,AP890816-0109,201,28.864992307239035,minmaxnorm
151,Q0,AP881109-0244,202,28.771413092075587,minmaxnorm
151,Q0,AP890707-0128,203,28.3327477801626,minmaxnorm
151,Q0,AP890411-0068,204,28.14313598814995,minmaxnorm
151,Q0,AP880827-0151,205,28.136326616135936,minmaxnorm
151,Q0,AP890926-0090,206,28.11783199579416,minmaxnorm
151,Q0,AP891031-0111,207,28.025904025412483,minmaxnorm
151,Q0,AP890815-0068,208,27.94258519937219,minmaxnorm
151,Q0,AP880822-0215,209,27.933342685126693,minmaxnorm
151,Q0,AP880329-0149,210,27.901880297852486,minmaxnorm
151,Q0,AP880815-0144,211,27.71894539645583,minmaxnorm
151,Q0,AP880816-0174,212,27.7045705495435,minmaxnorm
151,Q0,AP891202-0151,213,27.394031375410847,minmaxnorm
151,Q0,AP890107-0009,214,27.33748992951177,minmaxnorm
151,Q0,AP890126-0216,215,27.319949306716328,minmaxnorm
151,Q0,AP890622-0013,216,27.282389393490146,minmaxnorm
151,Q0,AP890813-0088,217,27.28029645828841,minmaxnorm
151,Q0,AP881121-0191,218,27.234026148885455,minmaxnorm
151,Q0,AP880218-0105,219,27.193833094492668,minmaxnorm
151,Q0,AP880512-0192,220,27.18348615824327,minmaxnorm
151,Q0,AP881128-0234,221,27.099609580109888,minmaxnorm
151,Q0,AP881101-0136,222,27.083267154522204,minmaxnorm
151,Q0,ZF108-101-418,223,27.069772381894296,minmaxnorm
151,Q0,AP890702-0066,224,26.993015179815682,minmaxnorm
151,Q0,AP880609-0180,225,26.92003318252051,minmaxnorm
151,Q0,AP880504-0147,226,26.795234202247258,minmaxnorm
151,Q0,AP880220-0132,227,26.789758427673263,minmaxnorm
151,Q0,AP890524-0103,228,26.78073387433268,minmaxnorm
151,Q0,AP890315-0085,229,26.774512567369033,minmaxnorm
151,Q0,AP880228-0016,230,26.69065129788139,minmaxnorm
151,Q0,AP890206-0072,231,26.68577626810467,minmaxnorm
151,Q0,WSJ911111-0038,232,26.532908854591295,minmaxnorm
151,Q0,AP891030-0148,233,26.511295766112582,minmaxnorm
151,Q0,AP880420-0087,234,26.49298351640576,minmaxnorm
151,Q0,AP880525-0152,235,26.443288853829575,minmaxnorm
151,Q0,AP891204-0069,236,26.15382677817439,minmaxnorm
151,Q0,WSJ890919-0117,237,26.09365190177152,minmaxnorm
151,Q0,AP891127-0066,238,25.99018812548772,minmaxnorm
151,Q0,WSJ910520-0109,239,25.770416851334232,minmaxnorm
151,Q0,WSJ870818-0132,240,25.724075656567937,minmaxnorm
151,Q0,AP890819-0002,241,25.699253207424793,minmaxnorm
151,Q0,AP890205-0036,242,25.50479852394606,minmaxnorm
151,Q0,AP881227-0081,243,25.475646262255943,minmaxnorm
151,Q0,AP890630-0148,244,25.411309614376325,minmaxnorm
151,Q0,AP880407-0033,245,25.410486378375687,minmaxnorm
151,Q0,AP890926-0215,246,25.331976900432355,minmaxnorm
151,Q0,AP880726-0019,247,25.292965682319224,minmaxnorm
151,Q0,AP880822-0139,248,25.270561515128495,minmaxnorm
151,Q0,AP891030-0107,249,25.268457529990325,minmaxnorm
151,Q0,AP890817-0055,250,25.235479854565888,minmaxnorm
151,Q0,AP890630-0220,251,25.16761448635793,minmaxnorm
151,Q0,AP890828-0037,252,25.157149901629584,minmaxnorm
151,Q0,AP880926-0018,253,25.12342723359926,minmaxnorm
151,Q0,WSJ890829-0092,254,25.033393441190718,minmaxnorm
151,Q0,WSJ881010-0149,255,25.030307400844816,minmaxnorm
151,Q0,WSJ910313-0146,256,24.96987298361345,minmaxnorm
151,Q0,AP890802-0134,257,24.95674054106232,minmaxnorm
151,Q0,AP890703-0051,258,24.95648656286843,minmaxnorm
151,Q0,AP890912-0107,259,24.947436861903782,minmaxnorm
151,Q0,AP880401-0176,260,24.897794085686293,minmaxnorm
151,Q0,AP890530-0080,261,24.850701555803536,minmaxnorm
151,Q0,AP890929-0041,262,24.850261028287573,minmaxnorm
151,Q0,WSJ910301-0067,263,24.765749495253353,minmaxnorm
151,Q0,AP881028-0079,264,24.598777760280008,minmaxnorm
151,Q0,AP881129-0144,265,24.49650065464528,minmaxnorm
151,Q0,FR88825-0007,266,24.440579694301736,minmaxnorm
151,Q0,AP890219-0059,267,24.428414771762036,minmaxnorm
151,Q0,WSJ910830-0081,268,24.36918882900697,minmaxnorm
151,Q0,WSJ910329-0110,269,24.337587148173068,minmaxnorm
151,Q0,AP891010-0075,270,24.291227775835285,minmaxnorm
151,Q0,AP881111-0186,271,24.234000072595908,minmaxnorm
151,Q0,FR89108-0080,272,24.22287003729656,minmaxnorm
151,Q0,AP880906-0044,273,24.157540586441048,minmaxnorm
151,Q0,WSJ910312-0083,274,24.14739026604463,minmaxnorm
151,Q0,AP881130-0089,275,24.130316993973764,minmaxnorm
151,Q0,AP880516-0081,276,24.12834999491004,minmaxnorm
151,Q0,AP890327-0087,277,23.888456892288016,minmaxnorm
151,Q0,AP880810-0271,278,23.86738391618866,minmaxnorm
151,Q0,WSJ911202-0051,279,23.758679107619564,minmaxnorm
151,Q0,AP880606-0073,280,23.659513919979126,minmaxnorm
151,Q0,AP890530-0044,281,23.60820993850367,minmaxnorm
151,Q0,AP880727-0228,282,23.602353827482883,minmaxnorm
151,Q0,AP891103-0077,283,23.555909045995968,minmaxnorm
151,Q0,WSJ880106-0003,284,23.54085418713685,minmaxnorm
151,Q0,WSJ880324-0170,285,23.362702966502333,minmaxnorm
151,Q0,AP890614-0008,286,23.356517895836156,minmaxnorm
151,Q0,AP890601-0164,287,23.245409917347526,minmaxnorm
151,Q0,AP880615-0274,288,23.233645931714513,minmaxnorm
151,Q0,AP890307-0172,289,23.14694677036152,minmaxnorm
151,Q0,AP880417-0088,290,23.11348051427635,minmaxnorm
151,Q0,AP881029-0064,291,23.08784917660581,minmaxnorm
151,Q0,AP881001-0057,292,23.077258965976327,minmaxnorm
151,Q0,AP890605-0121,293,23.0044184256519,minmaxnorm
151,Q0,AP880617-0124,294,22.994712813073342,minmaxnorm
151,Q0,AP881114-0091,295,22.96470129428083,minmaxnorm
151,Q0,AP890714-0027,296,22.9191221074655,minmaxnorm
151,Q0,WSJ870402-0112,297,22.856100210879664,minmaxnorm
151,Q0,AP880617-0235,298,22.82092422134553,minmaxnorm
151,Q0,AP890330-0169,299,22.812960718750645,minmaxnorm
151,Q0,AP890806-0049,300,22.759426517182302,minmaxnorm
151,Q0,AP890725-0129,301,22.728923322213074,minmaxnorm
151,Q0,AP890108-0022,302,22.703694305480607,minmaxnorm
151,Q0,AP880817-0265,303,22.647377566296488,minmaxnorm
151,Q0,AP891127-0029,304,22.63419992990674,minmaxnorm
151,Q0,AP890505-0225,305,22.607922665974954,minmaxnorm
151,Q0,AP880418-0017,306,22.53901021492827,minmaxnorm
151,Q0,WSJ891102-0090,307,22.30138224455362,minmaxnorm
151,Q0,AP880609-0221,308,22.286990633891207,minmaxnorm
151,Q0,AP880517-0073,309,22.252168253837336,minmaxnorm
151,Q0,AP891102-0076,310,22.154206152075755,minmaxnorm
151,Q0,AP880324-0049,311,22.147980332113367,minmaxnorm
151,Q0,WSJ900403-0015,312,22.029501977179766,minmaxnorm
151,Q0,AP890123-0062,313,21.994102148616378,minmaxnorm
151,Q0,WSJ900402-0031,314,21.811423582222666,minmaxnorm
151,Q0,AP880712-0112,315,21.79593436361064,minmaxnorm
151,Q0,AP881108-0190,316,21.750968710651282,minmaxnorm
151,Q0,AP880521-0044,317,21.73678771124556,minmaxnorm
151,Q0,AP890801-0069,318,21.71749221846504,minmaxnorm
151,Q0,AP880708-0210,319,21.709882467583768,minmaxnorm
151,Q0,AP881224-0119,320,21.663944020762962,minmaxnorm
151,Q0,AP890819-0106,321,21.655710215287957,minmaxnorm
151,Q0,AP880219-0031,322,21.641992430259215,minmaxnorm
151,Q0,AP890518-0212,323,21.61330843201301,minmaxnorm
151,Q0,AP880218-0137,324,21.55345899638415,minmaxnorm
151,Q0,AP880822-0216,325,21.550341732709875,minmaxnorm
151,Q0,AP881209-0165,326,21.47865865718645,minmaxnorm
151,Q0,AP881007-0122,327,21.36353505491891,minmaxnorm
151,Q0,AP890207-0062,328,21.222573596145445,minmaxnorm
151,Q0,AP890506-0031,329,21.00920060547463,minmaxnorm
151,Q0,AP880719-0196,330,21.004467177313128,minmaxnorm
151,Q0,AP880627-0085,331,20.994528679985624,minmaxnorm
151,Q0,AP880518-0004,332,20.948972110885755,minmaxnorm
151,Q0,AP880509-0008,333,20.945681545181337,minmaxnorm
151,Q0,AP891102-0180,334,20.901304840035355,minmaxnorm
151,Q0,AP890710-0139,335,20.871014345646095,minmaxnorm
151,Q0,AP880415-0232,336,20.86664529296276,minmaxnorm
151,Q0,AP881207-0079,337,20.848318267247112,minmaxnorm
151,Q0,AP890627-0005,338,20.827272410071295,minmaxnorm
151,Q0,AP880514-0176,339,20.814102274233814,minmaxnorm
151,Q0,WSJ890815-0098,340,20.802739136565968,minmaxnorm
151,Q0,WSJ880701-0087,341,20.773710899807973,minmaxnorm
151,Q0,AP891017-0043,342,20.731811090949606,minmaxnorm
151,Q0,AP880628-0094,343,20.65776897062597,minmaxnorm
151,Q0,AP880824-0170,344,20.614738746086342,minmaxnorm
151,Q0,WSJ870717-0155,345,20.61156113083674,minmaxnorm
151,Q0,AP890108-0026,346,20.568234939923688,minmaxnorm
151,Q0,AP880816-0248,347,20.53216421224711,minmaxnorm
151,Q0,AP880226-0124,348,20.39267887023525,minmaxnorm
151,Q0,AP891211-0187,349,20.314465133993195,minmaxnorm
151,Q0,AP890118-0172,350,20.266824584603963,minmaxnorm
151,Q0,AP891219-0075,351,20.252903441752114,minmaxnorm
151,Q0,ZF108-061-580,352,19.970883928683573,minmaxnorm
151,Q0,AP881107-0058,353,19.875854760966217,minmaxnorm
151,Q0,AP890227-0210,354,19.850915470826475,minmaxnorm
151,Q0,AP881111-0182,355,19.711441255306525,minmaxnorm
151,Q0,AP891002-0115,356,19.68580318697737,minmaxnorm
151,Q0,AP881024-0036,357,19.677348768084496,minmaxnorm
151,Q0,AP890715-0019,358,19.63903827038222,minmaxnorm
151,Q0,ZF207-181-530,359,19.619209304764922,minmaxnorm
151,Q0,AP891107-0075,360,19.570969852270824,minmaxnorm
151,Q0,AP881229-0136,361,19.546962333371855,minmaxnorm
151,Q0,AP890119-0013,362,19.497131104018173,minmaxnorm
151,Q0,AP880213-0002,363,19.469963459747404,minmaxnorm
151,Q0,AP890218-0060,364,19.438686644876,minmaxnorm
151,Q0,AP881027-0106,365,19.361121886239545,minmaxnorm
151,Q0,AP880603-0048,366,19.130139593220694,minmaxnorm
151,Q0,AP890825-0144,367,19.045803973902842,minmaxnorm
151,Q0,AP890829-0141,368,19.00870092966227,minmaxnorm
151,Q0,AP890622-0194,369,18.9917013076056,minmaxnorm
151,Q0,AP890601-0059,370,18.959564399096237,minmaxnorm
151,Q0,AP890330-0171,371,18.925621278913994,minmaxnorm
151,Q0,AP890721-0139,372,18.882624952167593,minmaxnorm
151,Q0,AP890306-0088,373,18.88228037628335,minmaxnorm
151,Q0,WSJ910222-0003,374,18.821654694609943,minmaxnorm
151,Q0,AP880427-0114,375,18.779604569153754,minmaxnorm
151,Q0,AP890906-0110,376,18.713041261820646,minmaxnorm
151,Q0,AP881104-0202,377,18.69680831355687,minmaxnorm
151,Q0,AP880608-0251,378,18.662872237132007,minmaxnorm
151,Q0,AP881206-0196,379,18.609431360018096,minmaxnorm
151,Q0,AP880720-0138,380,18.59707053174043,minmaxnorm
151,Q0,AP881223-0089,381,18.539849950593286,minmaxnorm
151,Q0,AP890328-0001,382,18.53750101768743,minmaxnorm
151,Q0,AP880616-0139,383,18.53236737702237,minmaxnorm
151,Q0,AP881206-0170,384,18.518336455816343,minmaxnorm
151,Q0,AP881027-0157,385,18.426432357859547,minmaxnorm
151,Q0,AP880516-0036,386,18.42417629030348,minmaxnorm
151,Q0,AP890316-0102,387,18.415473088753497,minmaxnorm
151,Q0,AP880825-0030,388,18.354666488873626,minmaxnorm
151,Q0,ZF207-453-378,389,18.305821541728797,minmaxnorm
151,Q0,AP890420-0020,390,18.271655906783256,minmaxnorm
151,Q0,AP891106-0208,391,18.05752669863515,minmaxnorm
151,Q0,AP880827-0054,392,18.04179551865474,minmaxnorm
151,Q0,AP890521-0077,393,17.992746217756267,minmaxnorm
151,Q0,AP880711-0093,394,17.98263656234696,minmaxnorm
151,Q0,WSJ910501-0110,395,17.96132226769521,minmaxnorm
151,Q0,AP890327-0167,396,17.857619032969847,minmaxnorm
151,Q0,AP890225-0029,397,17.827458402675855,minmaxnorm
151,Q0,AP880213-0052,398,17.809122390216533,minmaxnorm
151,Q0,AP881120-0025,399,17.786952095499842,minmaxnorm
151,Q0,AP880406-0015,400,17.73375249568666,minmaxnorm
151,Q0,WSJ910911-0121,401,17.730813118991254,minmaxnorm
151,Q0,AP890803-0175,402,17.639453771075196,minmaxnorm
151,Q0,AP880405-0160,403,17.58735616669613,minmaxnorm
151,Q0,AP880720-0219,404,17.581573117331512,minmaxnorm
151,Q0,AP880901-0131,405,17.57546181948182,minmaxnorm
151,Q0,AP890307-0139,406,17.564845810558168,minmaxnorm
151,Q0,AP881227-0022,407,17.516652628660136,minmaxnorm
151,Q0,AP881214-0162,408,17.50918946756298,minmaxnorm
151,Q0,AP890815-0194,409,17.392212279499066,minmaxnorm
151,Q0,AP880911-0047,410,17.391771904628918,minmaxnorm
151,Q0,ZF207-532-508,411,17.350720215587266,minmaxnorm
151,Q0,ZF108-678-966,412,17.340075736903295,minmaxnorm
151,Q0,AP890815-0196,413,17.325495226198225,minmaxnorm
151,Q0,WSJ871124-0053,414,17.276073810207222,minmaxnorm
151,Q0,AP890926-0058,415,17.25121799636881,minmaxnorm
151,Q0,AP880610-0134,416,17.23434335558284,minmaxnorm
151,Q0,AP890302-0077,417,17.23104575016625,minmaxnorm
151,Q0,AP890327-0039,418,17.204908527713595,minmaxnorm
151,Q0,AP891026-0020,419,17.099234537451682,minmaxnorm
151,Q0,AP890617-0063,420,17.05018739955102,minmaxnorm
151,Q0,AP890609-0122,421,16.935157415216395,minmaxnorm
151,Q0,AP880827-0140,422,16.865421050895385,minmaxnorm
151,Q0,AP890202-0125,423,16.843817449717022,minmaxnorm
151,Q0,ZF109-435-169,424,16.81187823208651,minmaxnorm
151,Q0,WSJ890731-0109,425,16.794971028251982,minmaxnorm
151,Q0,ZF107-960-486,426,16.76565609279696,minmaxnorm
151,Q0,AP880506-0045,427,16.738487398811078,minmaxnorm
151,Q0,AP891209-0056,428,16.724400126960294,minmaxnorm
151,Q0,DOE1-02-1138,429,16.716660155181163,minmaxnorm
151,Q0,AP890224-0137,430,16.707402439384342,minmaxnorm
151,Q0,AP890305-0033,431,16.705354801536775,minmaxnorm
151,Q0,AP881207-0045,432,16.678835147086456,minmaxnorm
151,Q0,WSJ890726-0128,433,16.655156387296728,minmaxnorm
151,Q0,AP890101-0029,434,16.64938204032106,minmaxnorm
151,Q0,AP891125-0091,435,16.552773646835888,minmaxnorm
151,Q0,AP880822-0114,436,16.313711559194935,minmaxnorm
151,Q0,AP881227-0031,437,16.249571737120885,minmaxnorm
151,Q0,AP880317-0002,438,16.16343423418215,minmaxnorm
151,Q0,AP891129-0199,439,16.131163862497186,minmaxnorm
151,Q0,AP890803-0168,440,16.13084228699652,minmaxnorm
151,Q0,FR89517-0017,441,16.127972970544384,minmaxnorm
151,Q0,AP891117-0174,442,16.08573087055655,minmaxnorm
151,Q0,AP880831-0105,443,16.069020778248515,minmaxnorm
151,Q0,AP890531-0074,444,16.02205425958908,minmaxnorm
151,Q0,AP880429-0158,445,15.997773051501072,minmaxnorm
151,Q0,AP890329-0075,446,15.952323727282176,minmaxnorm
151,Q0,AP890107-0127,447,15.924395168934314,minmaxnorm
151,Q0,AP891208-0084,448,15.901893073053634,minmaxnorm
151,Q0,AP880430-0098,449,15.897218598143711,minmaxnorm
151,Q0,AP881225-0027,450,15.879889710082033,minmaxnorm
151,Q0,AP880711-0024,451,15.861706115983276,minmaxnorm
151,Q0,AP880404-0044,452,15.853447967919351,minmaxnorm
151,Q0,AP880307-0191,453,15.844558331876371,minmaxnorm
151,Q0,AP880326-0040,454,15.748402241583753,minmaxnorm
151,Q0,AP890612-0003,455,15.736601743437033,minmaxnorm
151,Q0,AP890428-0056,456,15.678611715133114,minmaxnorm
151,Q0,AP890721-0074,457,15.677620502493271,minmaxnorm
151,Q0,AP880826-0236,458,15.672340780534876,minmaxnorm
151,Q0,WSJ880525-0173,459,15.563865846647081,minmaxnorm
151,Q0,AP890125-0179,460,15.557436763735746,minmaxnorm
151,Q0,AP890414-0197,461,15.524458559269641,minmaxnorm
151,Q0,AP890814-0074,462,15.475723769165613,minmaxnorm
151,Q0,WSJ920226-0010,463,15.47386483163922,minmaxnorm
151,Q0,AP891004-0137,464,15.420498825549105,minmaxnorm
151,Q0,AP891101-0194,465,15.398341609954436,minmaxnorm
151,Q0,WSJ910517-0196,466,15.393253113265477,minmaxnorm
151,Q0,AP880312-0050,467,15.384295001286935,minmaxnorm
151,Q0,AP890605-0118,468,15.381225715179344,minmaxnorm
151,Q0,ZF108-222-896,469,15.35238990971059,minmaxnorm
151,Q0,AP891208-0155,470,15.105276338254825,minmaxnorm
151,Q0,AP890818-0111,471,15.089189828852332,minmaxnorm
151,Q0,AP880607-0175,472,15.048713469680584,minmaxnorm
151,Q0,AP880503-0097,473,15.009938111146814,minmaxnorm
151,Q0,AP890911-0033,474,15.001809703873187,minmaxnorm
151,Q0,AP881221-0078,475,14.996173527404906,minmaxnorm
151,Q0,AP890719-0127,476,14.984092403709575,minmaxnorm
151,Q0,AP880722-0101,477,14.982292300970872,minmaxnorm
151,Q0,ZF207-411-962,478,14.973486157334374,minmaxnorm
151,Q0,AP890526-0052,479,14.928153235815959,minmaxnorm
151,Q0,WSJ881027-0173,480,14.900879165311189,minmaxnorm
151,Q0,AP890303-0004,481,14.898839020139611,minmaxnorm
151,Q0,AP890516-0020,482,14.867605870416826,minmaxnorm
151,Q0,AP890227-0054,483,14.853576544603921,minmaxnorm
151,Q0,AP880912-0038,484,14.83449042177977,minmaxnorm
151,Q0,AP890330-0085,485,14.817341186827854,minmaxnorm
151,Q0,AP890611-0013,486,14.814241735365698,minmaxnorm
151,Q0,AP880826-0233,487,14.80497198233535,minmaxnorm
151,Q0,AP880604-0158,488,14.798769238737261,minmaxnorm
151,Q0,AP881130-0189,489,14.715321084113056,minmaxnorm
151,Q0,AP890224-0223,490,14.712505236741135,minmaxnorm
151,Q0,AP891222-0103,491,14.617528490799026,minmaxnorm
151,Q0,WSJ920312-0158,492,14.605062631309163,minmaxnorm
151,Q0,AP890127-0085,493,14.585766964013674,minmaxnorm
151,Q0,AP880827-0097,494,14.578345852293651,minmaxnorm
151,Q0,AP890723-0028,495,14.574981395536215,minmaxnorm
151,Q0,AP880320-0068,496,14.544258503859945,minmaxnorm
151,Q0,AP890820-0042,497,14.526166955875265,minmaxnorm
151,Q0,AP880607-0193,498,14.497162739724732,minmaxnorm
151,Q0,AP890309-0056,499,14.451198851525211,minmaxnorm
151,Q0,AP880316-0048,500,14.41437071090327,minmaxnorm
151,Q0,AP890417-0076,501,14.408463556078836,minmaxnorm
151,Q0,AP890704-0152,502,14.378200336398802,minmaxnorm
151,Q0,AP880712-0042,503,14.348378926586655,minmaxnorm
151,Q0,AP891025-0107,504,14.304490218517874,minmaxnorm
151,Q0,AP880726-0170,505,14.298104452225779,minmaxnorm
151,Q0,AP881027-0174,506,14.276795897145846,minmaxnorm
151,Q0,AP890421-0205,507,14.271787736965596,minmaxnorm
151,Q0,AP880504-0037,508,14.249492820629273,minmaxnorm
151,Q0,AP880517-0184,509,14.216522911525157,minmaxnorm
151,Q0,AP890707-0195,510,14.21214291374441,minmaxnorm
151,Q0,AP890220-0109,511,14.207280114878534,minmaxnorm
151,Q0,AP881007-0130,512,14.103348694043408,minmaxnorm
151,Q0,AP880711-0082,513,14.082759669278998,minmaxnorm
151,Q0,AP880823-0112,514,14.061113192428216,minmaxnorm
151,Q0,AP881226-0124,515,14.056739556722437,minmaxnorm
151,Q0,AP880525-0245,516,14.054902431034556,minmaxnorm
151,Q0,WSJ870511-0030,517,14.004400270509237,minmaxnorm
151,Q0,AP890322-0136,518,13.98278981342813,minmaxnorm
151,Q0,AP890328-0105,519,13.950837822588616,minmaxnorm
151,Q0,AP890826-0034,520,13.93456230501262,minmaxnorm
151,Q0,AP880328-0046,521,13.918398424809673,minmaxnorm
151,Q0,AP891106-0141,522,13.918326843560122,minmaxnorm
151,Q0,AP881017-0232,523,13.888142202953283,minmaxnorm
151,Q0,FR891128-0031,524,13.86525557336368,minmaxnorm
151,Q0,AP890124-0089,525,13.841867638323244,minmaxnorm
151,Q0,AP880829-0088,526,13.817976914551394,minmaxnorm
151,Q0,AP890108-0020,527,13.807257060936749,minmaxnorm
151,Q0,AP881207-0166,528,13.802915112312107,minmaxnorm
151,Q0,AP880810-0141,529,13.722760397648392,minmaxnorm
151,Q0,AP890110-0074,530,13.711137316085708,minmaxnorm
151,Q0,AP890326-0001,531,13.70145774576151,minmaxnorm
151,Q0,AP881219-0208,532,13.677368073403876,minmaxnorm
151,Q0,AP881018-0003,533,13.584601817086085,minmaxnorm
151,Q0,AP880620-0058,534,13.581734039567852,minmaxnorm
151,Q0,AP891114-0072,535,13.525485095009465,minmaxnorm
151,Q0,AP891009-0015,536,13.451157736507177,minmaxnorm
151,Q0,FR88907-0046,537,13.44295329213648,minmaxnorm
151,Q0,AP880417-0010,538,13.415247811200024,minmaxnorm
151,Q0,AP890501-0078,539,13.404590790845292,minmaxnorm
151,Q0,AP890228-0074,540,13.362848828363985,minmaxnorm
151,Q0,AP880811-0078,541,13.30347550835428,minmaxnorm
151,Q0,AP880824-0031,542,13.302655212286975,minmaxnorm
151,Q0,AP880902-0072,543,13.276781352176046,minmaxnorm
151,Q0,AP880716-0011,544,13.269507200596202,minmaxnorm
151,Q0,ZF108-483-978,545,13.192682170877205,minmaxnorm
151,Q0,AP880619-0067,546,13.13782496332216,minmaxnorm
151,Q0,AP890525-0212,547,13.114491015816569,minmaxnorm
151,Q0,AP880422-0215,548,13.040908002818231,minmaxnorm
151,Q0,AP891130-0019,549,13.039894674901836,minmaxnorm
151,Q0,AP890929-0158,550,13.016703004243904,minmaxnorm
151,Q0,AP880314-0204,551,13.01393870164944,minmaxnorm
151,Q0,AP891216-0015,552,12.976451953925563,minmaxnorm
151,Q0,AP890404-0079,553,12.970858374969836,minmaxnorm
151,Q0,AP881129-0116,554,12.937918697559907,minmaxnorm
151,Q0,AP880825-0171,555,12.927349580992054,minmaxnorm
151,Q0,ZF108-197-812,556,12.920343288445597,minmaxnorm
151,Q0,AP880216-0195,557,12.86912286787429,minmaxnorm
151,Q0,AP881230-0150,558,12.833850284292847,minmaxnorm
151,Q0,AP880517-0103,559,12.800823101452611,minmaxnorm
151,Q0,AP881212-0157,560,12.76125241949154,minmaxnorm
151,Q0,AP890523-0186,561,12.711308901983296,minmaxnorm
151,Q0,AP890108-0023,562,12.705975977204359,minmaxnorm
151,Q0,FR89317-0054,563,12.701721230698201,minmaxnorm
151,Q0,AP891030-0021,564,12.68319952721393,minmaxnorm
151,Q0,AP881013-0236,565,12.660316894051839,minmaxnorm
151,Q0,AP881007-0193,566,12.567470175186386,minmaxnorm
151,Q0,AP890328-0089,567,12.563653689554524,minmaxnorm
151,Q0,AP890718-0216,568,12.510176967807238,minmaxnorm
151,Q0,AP890128-0051,569,12.48975895322336,minmaxnorm
151,Q0,FR891128-0028,570,12.476516012010551,minmaxnorm
151,Q0,AP880328-0213,571,12.453712028091697,minmaxnorm
151,Q0,WSJ880920-0057,572,12.41239764859269,minmaxnorm
151,Q0,AP890908-0031,573,12.401780827640074,minmaxnorm
151,Q0,AP890606-0033,574,12.39817193286401,minmaxnorm
151,Q0,AP890413-0084,575,12.39784572408656,minmaxnorm
151,Q0,AP890316-0173,576,12.375754525076818,minmaxnorm
151,Q0,FR881122-0009,577,12.363174028370493,minmaxnorm
151,Q0,AP881121-0007,578,12.360943622283834,minmaxnorm
151,Q0,AP890311-0088,579,12.34833137624445,minmaxnorm
151,Q0,FR891205-0022,580,12.269769231276275,minmaxnorm
151,Q0,WSJ910813-0096,581,12.248998100796399,minmaxnorm
151,Q0,AP881116-0146,582,12.225407585925355,minmaxnorm
151,Q0,AP890613-0004,583,12.218109946081452,minmaxnorm
151,Q0,WSJ890821-0128,584,12.177150717687937,minmaxnorm
151,Q0,AP881220-0028,585,12.173934670470434,minmaxnorm
151,Q0,AP890916-0010,586,12.124362969134614,minmaxnorm
151,Q0,AP880827-0135,587,12.1219008474822,minmaxnorm
151,Q0,AP880405-0216,588,12.079442644056941,minmaxnorm
151,Q0,AP880525-0010,589,12.040483202545783,minmaxnorm
151,Q0,WSJ890926-0080,590,12.038938972658324,minmaxnorm
151,Q0,AP890122-0086,591,12.037652774037825,minmaxnorm
151,Q0,AP890605-0120,592,11.982547179515105,minmaxnorm
151,Q0,AP880915-0159,593,11.980719508900604,minmaxnorm
151,Q0,AP881110-0223,594,11.977773903930157,minmaxnorm
151,Q0,AP890129-0030,595,11.942102441714075,minmaxnorm
151,Q0,AP880612-0044,596,11.927687513440057,minmaxnorm
151,Q0,AP890120-0230,597,11.905157567207851,minmaxnorm
151,Q0,WSJ900403-0171,598,11.753405731254702,minmaxnorm
151,Q0,AP890716-0029,599,11.730768356073645,minmaxnorm
151,Q0,AP890103-0028,600,11.701268638350388,minmaxnorm
151,Q0,AP880520-0112,601,11.698679243306929,minmaxnorm
151,Q0,FR881209-0005,602,11.677901416809819,minmaxnorm
151,Q0,WSJ910128-0108,603,11.614414827212725,minmaxnorm
151,Q0,AP890501-0076,604,11.603988317537597,minmaxnorm
151,Q0,WSJ880419-0129,605,11.569673583997599,minmaxnorm
151,Q0,AP890905-0145,606,11.542509823365373,minmaxnorm
151,Q0,AP890627-0139,607,11.531352711784837,minmaxnorm
151,Q0,AP880505-0168,608,11.526678473626621,minmaxnorm
151,Q0,AP890330-0084,609,11.499002509165578,minmaxnorm
151,Q0,DOE2-07-0247,610,11.494738616208135,minmaxnorm
151,Q0,AP880915-0165,611,11.446882120738774,minmaxnorm
151,Q0,AP881224-0059,612,11.374638905464263,minmaxnorm
151,Q0,AP880325-0144,613,11.336541895915454,minmaxnorm
151,Q0,WSJ910122-0145,614,11.333757331633583,minmaxnorm
151,Q0,AP880823-0045,615,11.303554194091188,minmaxnorm
151,Q0,AP880701-0129,616,11.279123279500926,minmaxnorm
151,Q0,AP890924-0016,617,11.270414220906838,minmaxnorm
151,Q0,WSJ870723-0160,618,11.26446736906651,minmaxnorm
151,Q0,WSJ900912-0069,619,11.258650110311608,minmaxnorm
151,Q0,WSJ870622-0113,620,11.192946556905223,minmaxnorm
151,Q0,ZF207-842-078,621,11.19184667889915,minmaxnorm
151,Q0,ZF207-496-812,622,11.146341675003688,minmaxnorm
151,Q0,AP880607-0108,623,11.145881319356542,minmaxnorm
151,Q0,AP890316-0161,624,11.138242911782921,minmaxnorm
151,Q0,WSJ871203-0045,625,11.125074400937542,minmaxnorm
151,Q0,ZF108-623-370,626,11.121472996903892,minmaxnorm
151,Q0,AP880620-0072,627,11.099709570735417,minmaxnorm
151,Q0,AP891030-0076,628,11.07861629261342,minmaxnorm
151,Q0,AP891011-0117,629,11.060267988889684,minmaxnorm
151,Q0,AP881105-0112,630,11.043333814809019,minmaxnorm
151,Q0,AP880310-0198,631,11.000355194288073,minmaxnorm
151,Q0,AP881121-0013,632,10.990756763411518,minmaxnorm
151,Q0,AP890515-0088,633,10.945904002395997,minmaxnorm
151,Q0,FR881017-0021,634,10.941897040241548,minmaxnorm
151,Q0,FR88516-0128,635,10.925178943628424,minmaxnorm
151,Q0,AP881027-0199,636,10.91293477771736,minmaxnorm
151,Q0,AP890406-0203,637,10.901566630661325,minmaxnorm
151,Q0,WSJ900404-0181,638,10.899544875280398,minmaxnorm
151,Q0,AP890307-0056,639,10.875331258429227,minmaxnorm
151,Q0,AP890411-0020,640,10.86890867966528,minmaxnorm
151,Q0,AP880627-0003,641,10.805454993996976,minmaxnorm
151,Q0,AP890427-0141,642,10.799797700235757,minmaxnorm
151,Q0,WSJ900619-0120,643,10.77445585855188,minmaxnorm
151,Q0,AP880316-0006,644,10.769414733859207,minmaxnorm
151,Q0,FR89516-0090,645,10.672228223990702,minmaxnorm
151,Q0,AP890315-0170,646,10.646484852156595,minmaxnorm
151,Q0,AP891027-0149,647,10.60919806613895,minmaxnorm
151,Q0,AP890508-0145,648,10.567667173562658,minmaxnorm
151,Q0,AP891127-0074,649,10.540583044088978,minmaxnorm
151,Q0,WSJ870306-0135,650,10.53280820652726,minmaxnorm
151,Q0,AP890809-0056,651,10.48664161746373,minmaxnorm
151,Q0,AP881224-0046,652,10.45402068396487,minmaxnorm
151,Q0,FR891128-0018,653,10.38642809921367,minmaxnorm
151,Q0,AP880702-0140,654,10.367775474789632,minmaxnorm
151,Q0,AP881226-0025,655,10.357859625242536,minmaxnorm
151,Q0,AP880310-0051,656,10.355032623673706,minmaxnorm
151,Q0,WSJ920115-0121,657,10.317498511301675,minmaxnorm
151,Q0,AP890904-0103,658,10.246272153288384,minmaxnorm
151,Q0,AP890316-0194,659,10.224843037594166,minmaxnorm
151,Q0,WSJ880701-0116,660,10.219997049330983,minmaxnorm
151,Q0,AP880517-0071,661,10.20522170628361,minmaxnorm
151,Q0,AP880824-0048,662,10.172778501382133,minmaxnorm
151,Q0,AP890405-0144,663,10.137948435446665,minmaxnorm
151,Q0,AP880413-0021,664,10.10348578408512,minmaxnorm
151,Q0,WSJ880913-0097,665,10.095144140820008,minmaxnorm
151,Q0,AP881105-0143,666,10.093240835552994,minmaxnorm
151,Q0,AP880507-0112,667,10.073794983902726,minmaxnorm
151,Q0,AP880806-0069,668,10.071056231724427,minmaxnorm
151,Q0,AP881224-0056,669,10.062025350258043,minmaxnorm
151,Q0,WSJ880316-0178,670,10.059513822645892,minmaxnorm
151,Q0,AP880824-0101,671,10.021499271966146,minmaxnorm
151,Q0,FR891128-0029,672,9.999797142297266,minmaxnorm
151,Q0,AP890821-0109,673,9.983179229871428,minmaxnorm
151,Q0,AP891120-0088,674,9.963628382797658,minmaxnorm
151,Q0,AP890804-0102,675,9.955395305712273,minmaxnorm
151,Q0,AP881122-0054,676,9.825695030887626,minmaxnorm
151,Q0,AP880619-0042,677,9.820043313138177,minmaxnorm
151,Q0,AP890317-0034,678,9.788554514133333,minmaxnorm
151,Q0,WSJ880909-0149,679,9.78220723949781,minmaxnorm
151,Q0,AP890515-0166,680,9.7568536141457,minmaxnorm
151,Q0,AP880224-0009,681,9.733066809678991,minmaxnorm
151,Q0,AP881109-0029,682,9.674719539854518,minmaxnorm
151,Q0,AP890228-0112,683,9.660898229072226,minmaxnorm
151,Q0,AP881103-0033,684,9.655284633243037,minmaxnorm
151,Q0,AP890604-0021,685,9.650358861158107,minmaxnorm
151,Q0,AP880830-0013,686,9.626970230969928,minmaxnorm
151,Q0,AP890729-0115,687,9.611765181684856,minmaxnorm
151,Q0,AP890425-0101,688,9.602772724241607,minmaxnorm
151,Q0,AP881004-0185,689,9.512037530654915,minmaxnorm
151,Q0,AP890304-0073,690,9.482757918911387,minmaxnorm
151,Q0,AP880510-0017,691,9.440195998451607,minmaxnorm
151,Q0,AP880425-0034,692,9.43580544519247,minmaxnorm
151,Q0,AP881015-0064,693,9.418344978109435,minmaxnorm
151,Q0,AP881206-0190,694,9.417958110758638,minmaxnorm
151,Q0,AP880405-0072,695,9.382528767814005,minmaxnorm
151,Q0,AP881126-0086,696,9.319788171165387,minmaxnorm
151,Q0,AP880303-0253,697,9.313602455884556,minmaxnorm
151,Q0,AP880628-0013,698,9.28759277256416,minmaxnorm
151,Q0,AP890830-0130,699,9.239704716386104,minmaxnorm
151,Q0,AP880517-0123,700,9.208455684873984,minmaxnorm
151,Q0,FR89317-0056,701,9.170935144488077,minmaxnorm
151,Q0,AP890220-0143,702,9.165522951196712,minmaxnorm
151,Q0,AP890522-0070,703,9.118793689361066,minmaxnorm
151,Q0,AP890724-0026,704,9.113410012788952,minmaxnorm
151,Q0,AP880518-0164,705,9.067025283801817,minmaxnorm
151,Q0,AP891226-0061,706,8.940277423542621,minmaxnorm
151,Q0,AP880528-0034,707,8.939714620196591,minmaxnorm
151,Q0,AP891104-0068,708,8.935065468798774,minmaxnorm
151,Q0,AP880508-0056,709,8.913264481682747,minmaxnorm
151,Q0,AP880504-0183,710,8.898584859988757,minmaxnorm
151,Q0,DOE2-17-0339,711,8.857133496714479,minmaxnorm
151,Q0,AP880712-0161,712,8.849077753397667,minmaxnorm
151,Q0,AP890425-0221,713,8.83751678107943,minmaxnorm
151,Q0,AP880915-0028,714,8.835184770780662,minmaxnorm
151,Q0,AP890530-0094,715,8.819962020655563,minmaxnorm
151,Q0,AP890328-0108,716,8.81166375286318,minmaxnorm
151,Q0,AP890728-0205,717,8.789721421195383,minmaxnorm
151,Q0,AP890526-0169,718,8.758901323052001,minmaxnorm
151,Q0,WSJ910429-0180,719,8.704090145419325,minmaxnorm
151,Q0,AP880519-0231,720,8.674983988281536,minmaxnorm
151,Q0,AP880509-0080,721,8.663790403257572,minmaxnorm
151,Q0,ZF108-643-548,722,8.657416971626025,minmaxnorm
151,Q0,AP890821-0069,723,8.626174749845736,minmaxnorm
151,Q0,ZF108-132-636,724,8.608260792447338,minmaxnorm
151,Q0,ZF107-991-430,725,8.607313996900263,minmaxnorm
151,Q0,AP880801-0217,726,8.598950910531386,minmaxnorm
151,Q0,AP880520-0050,727,8.582297489982409,minmaxnorm
151,Q0,AP890710-0019,728,8.582177707584483,minmaxnorm
151,Q0,DOE2-54-0617,729,8.557261394301424,minmaxnorm
151,Q0,AP890524-0200,730,8.54548271957202,minmaxnorm
151,Q0,AP880826-0114,731,8.526323191693171,minmaxnorm
151,Q0,AP881105-0158,732,8.52580043887114,minmaxnorm
151,Q0,AP880420-0140,733,8.524998290038004,minmaxnorm
151,Q0,AP881024-0046,734,8.484804315608523,minmaxnorm
151,Q0,AP890913-0201,735,8.437973612334517,minmaxnorm
151,Q0,FR891205-0023,736,8.435545862919815,minmaxnorm
151,Q0,AP880226-0196,737,8.42301443589545,minmaxnorm
151,Q0,WSJ910318-0006,738,8.415618311394212,minmaxnorm
151,Q0,AP880721-0155,739,8.369330262066713,minmaxnorm
151,Q0,AP891017-0127,740,8.368407724164625,minmaxnorm
151,Q0,AP890514-0002,741,8.365904790184073,minmaxnorm
151,Q0,AP890422-0077,742,8.354495900768821,minmaxnorm
151,Q0,AP890203-0121,743,8.314331664159957,minmaxnorm
151,Q0,AP880914-0002,744,8.27252569166158,minmaxnorm
151,Q0,AP890306-0062,745,8.26025944276702,minmaxnorm
151,Q0,AP890103-0003,746,8.254807276441035,minmaxnorm
151,Q0,AP880723-0005,747,8.220794372944589,minmaxnorm
151,Q0,AP890329-0083,748,8.191340034773786,minmaxnorm
151,Q0,AP891108-0037,749,8.146445876392205,minmaxnorm
151,Q0,AP880808-0039,750,8.120471633998084,minmaxnorm
151,Q0,AP880625-0206,751,8.119190225515245,minmaxnorm
151,Q0,AP891116-0166,752,8.11138957465041,minmaxnorm
151,Q0,AP880619-0079,753,8.101381478750861,minmaxnorm
151,Q0,FR881017-0023,754,8.096490896644431,minmaxnorm
151,Q0,AP881017-0231,755,8.065388525225261,minmaxnorm
151,Q0,FR89517-0018,756,8.063037281705471,minmaxnorm
151,Q0,AP880219-0042,757,8.048736752977058,minmaxnorm
151,Q0,AP890129-0081,758,8.019666279806348,minmaxnorm
151,Q0,AP891108-0157,759,7.9921239868019995,minmaxnorm
151,Q0,WSJ870612-0080,760,7.958975064339234,minmaxnorm
151,Q0,AP890912-0217,761,7.953255850350805,minmaxnorm
151,Q0,WSJ911030-0168,762,7.910792842619374,minmaxnorm
151,Q0,ZF108-445-078,763,7.899617625336098,minmaxnorm
151,Q0,DOE1-37-1054,764,7.870153284844113,minmaxnorm
151,Q0,AP890121-0041,765,7.869443568595176,minmaxnorm
151,Q0,ZF108-732-398,766,7.858740419427693,minmaxnorm
151,Q0,ZF207-629-796,767,7.858730067442089,minmaxnorm
151,Q0,AP890108-0025,768,7.8336865263742705,minmaxnorm
151,Q0,AP890511-0032,769,7.826227606928756,minmaxnorm
151,Q0,AP890413-0103,770,7.81925138052167,minmaxnorm
151,Q0,FR89317-0030,771,7.818307617463252,minmaxnorm
151,Q0,AP891017-0132,772,7.782924726750679,minmaxnorm
151,Q0,AP891024-0101,773,7.780718329585513,minmaxnorm
151,Q0,AP880712-0093,774,7.778807901411919,minmaxnorm
151,Q0,WSJ900619-0015,775,7.755272471912503,minmaxnorm
151,Q0,WSJ920116-0072,776,7.711038549356366,minmaxnorm
151,Q0,AP890423-0032,777,7.679565452136744,minmaxnorm
151,Q0,AP890103-0075,778,7.664231174717853,minmaxnorm
151,Q0,AP880302-0193,779,7.6637635480908965,minmaxnorm
151,Q0,AP880422-0233,780,7.627099269351913,minmaxnorm
151,Q0,AP890205-0030,781,7.624814153951564,minmaxnorm
151,Q0,FR89516-0133,782,7.617761194521201,minmaxnorm
151,Q0,WSJ910606-0007,783,7.612976392939601,minmaxnorm
151,Q0,FR891018-0069,784,7.612089455696966,minmaxnorm
151,Q0,AP891031-0062,785,7.608555699421579,minmaxnorm
151,Q0,AP881004-0086,786,7.599072237776592,minmaxnorm
151,Q0,ZF108-776-030,787,7.548550462905288,minmaxnorm
151,Q0,FR891128-0030,788,7.463721606757356,minmaxnorm
151,Q0,ZF207-955-554,789,7.462437096291529,minmaxnorm
151,Q0,AP881117-0082,790,7.459293985300237,minmaxnorm
151,Q0,AP891011-0137,791,7.451921883460226,minmaxnorm
151,Q0,ZF109-428-005,792,7.444220797054676,minmaxnorm
151,Q0,ZF207-800-176,793,7.395251062414891,minmaxnorm
151,Q0,AP880325-0168,794,7.375191898771244,minmaxnorm
151,Q0,AP890424-0077,795,7.349252289138831,minmaxnorm
151,Q0,AP890203-0008,796,7.33074517985592,minmaxnorm
151,Q0,AP890624-0143,797,7.317440860731822,minmaxnorm
151,Q0,WSJ880808-0086,798,7.277298436620863,minmaxnorm
151,Q0,AP880217-0163,799,7.264648578576371,minmaxnorm
151,Q0,ZF207-763-066,800,7.2604458588985015,minmaxnorm
151,Q0,AP880310-0144,801,7.258868277933728,minmaxnorm
151,Q0,AP881111-0113,802,7.226658780334698,minmaxnorm
151,Q0,AP890601-0094,803,7.222614006216074,minmaxnorm
151,Q0,AP881101-0179,804,7.216195303096441,minmaxnorm
151,Q0,FR88105-0022,805,7.193743811983593,minmaxnorm
151,Q0,AP891025-0183,806,7.191099727681975,minmaxnorm
151,Q0,AP890923-0056,807,7.075003336942322,minmaxnorm
151,Q0,AP880823-0188,808,7.05673183518664,minmaxnorm
151,Q0,AP880826-0180,809,7.035979104398376,minmaxnorm
151,Q0,AP881012-0138,810,7.007559310808613,minmaxnorm
151,Q0,AP880425-0088,811,6.992348017111395,minmaxnorm
151,Q0,AP880620-0081,812,6.972375120399104,minmaxnorm
151,Q0,WSJ870609-0037,813,6.945937664603544,minmaxnorm
151,Q0,AP881108-0074,814,6.934370421880609,minmaxnorm
151,Q0,AP890615-0204,815,6.906256588715425,minmaxnorm
151,Q0,ZF108-548-926,816,6.863110804025879,minmaxnorm
151,Q0,ZF107-983-600,817,6.848680273830788,minmaxnorm
151,Q0,ZF109-543-401,818,6.820117688435232,minmaxnorm
151,Q0,AP890124-0269,819,6.81129608508807,minmaxnorm
151,Q0,WSJ871207-0062,820,6.787498191692492,minmaxnorm
151,Q0,WSJ910305-0034,821,6.77783050479186,minmaxnorm
151,Q0,ZF207-706-522,822,6.768741016511875,minmaxnorm
151,Q0,AP890224-0095,823,6.753634595166471,minmaxnorm
151,Q0,AP890902-0068,824,6.753242215872476,minmaxnorm
151,Q0,AP880714-0064,825,6.729653524987058,minmaxnorm
151,Q0,AP881212-0107,826,6.687442674181096,minmaxnorm
151,Q0,AP880710-0028,827,6.665491272771651,minmaxnorm
151,Q0,AP881003-0199,828,6.6580841904730095,minmaxnorm
151,Q0,FR88105-0023,829,6.643613152630326,minmaxnorm
151,Q0,AP891104-0041,830,6.625029461172124,minmaxnorm
151,Q0,AP890825-0046,831,6.624275671897198,minmaxnorm
151,Q0,ZF108-803-542,832,6.621603767668126,minmaxnorm
151,Q0,ZF109-615-781,833,6.611569466194073,minmaxnorm
151,Q0,ZF108-766-166,834,6.599122216858289,minmaxnorm
151,Q0,AP880730-0095,835,6.5974266380691,minmaxnorm
151,Q0,AP880728-0104,836,6.588753224079793,minmaxnorm
151,Q0,ZF207-887-946,837,6.572971292448219,minmaxnorm
151,Q0,WSJ880315-0052,838,6.571115736838757,minmaxnorm
151,Q0,ZF207-319-002,839,6.478925905171973,minmaxnorm
151,Q0,AP880224-0013,840,6.464548931663069,minmaxnorm
151,Q0,AP890712-0076,841,6.424813066621465,minmaxnorm
151,Q0,ZF108-227-938,842,6.418937093095708,minmaxnorm
151,Q0,AP890603-0133,843,6.4100399989861785,minmaxnorm
151,Q0,ZF108-448-800,844,6.405996890191338,minmaxnorm
151,Q0,ZF108-409-282,845,6.395105471461288,minmaxnorm
151,Q0,AP880229-0107,846,6.347900262476279,minmaxnorm
151,Q0,ZF108-666-134,847,6.344386913975548,minmaxnorm
151,Q0,AP880603-0046,848,6.334534379692228,minmaxnorm
151,Q0,ZF107-997-246,849,6.331579879571235,minmaxnorm
151,Q0,AP890321-0002,850,6.310112019266499,minmaxnorm
151,Q0,WSJ891020-0082,851,6.307420347723599,minmaxnorm
151,Q0,ZF207-501-108,852,6.307096194296654,minmaxnorm
151,Q0,ZF207-407-462,853,6.293012020247085,minmaxnorm
151,Q0,AP880505-0259,854,6.280421793429947,minmaxnorm
151,Q0,AP881017-0041,855,6.274326383566992,minmaxnorm
151,Q0,ZF109-831-099,856,6.274198551722119,minmaxnorm
151,Q0,ZF109-632-489,857,6.2541995357410105,minmaxnorm
151,Q0,AP890222-0091,858,6.247891998434651,minmaxnorm
151,Q0,AP890901-0085,859,6.227797790584761,minmaxnorm
151,Q0,WSJ880223-0040,860,6.224247700627491,minmaxnorm
151,Q0,AP880927-0075,861,6.223061015415169,minmaxnorm
151,Q0,AP880527-0262,862,6.219391587006166,minmaxnorm
151,Q0,AP891207-0062,863,6.214756473490269,minmaxnorm
151,Q0,AP881009-0051,864,6.2123671764309,minmaxnorm
151,Q0,AP890315-0128,865,6.208475164307091,minmaxnorm
151,Q0,ZF108-409-512,866,6.179697268097979,minmaxnorm
151,Q0,AP880509-0215,867,6.1752928566372765,minmaxnorm
151,Q0,WSJ880930-0205,868,6.174343078578888,minmaxnorm
151,Q0,ZF108-302-470,869,6.167864636938255,minmaxnorm
151,Q0,AP880628-0091,870,6.165956678113762,minmaxnorm
151,Q0,ZF108-723-144,871,6.153819430285716,minmaxnorm
151,Q0,AP890819-0084,872,6.151910092443944,minmaxnorm
151,Q0,DOE2-49-0104,873,6.145711992325889,minmaxnorm
151,Q0,AP891020-0050,874,6.133427012668717,minmaxnorm
151,Q0,ZF108-261-644,875,6.12481039337054,minmaxnorm
151,Q0,AP890724-0093,876,6.107137055459721,minmaxnorm
151,Q0,AP880311-0064,877,6.106539448402553,minmaxnorm
151,Q0,AP890317-0158,878,6.089489904695913,minmaxnorm
151,Q0,ZF109-749-849,879,6.086434681024693,minmaxnorm
151,Q0,AP880321-0138,880,6.072707325808434,minmaxnorm
151,Q0,ZF108-525-752,881,6.067877789846394,minmaxnorm
151,Q0,AP881112-0057,882,6.061578804673478,minmaxnorm
151,Q0,AP890415-0104,883,6.045716049427753,minmaxnorm
151,Q0,WSJ910424-0079,884,6.041534848379856,minmaxnorm
151,Q0,ZF109-621-527,885,6.018984608729774,minmaxnorm
151,Q0,AP880416-0087,886,6.014570017901297,minmaxnorm
151,Q0,ZF208-004-530,887,6.009179013360004,minmaxnorm
151,Q0,AP880624-0149,888,5.993397395338301,minmaxnorm
151,Q0,ZF207-351-149,889,5.989978933555441,minmaxnorm
151,Q0,FR89113-0118,890,5.970137859844844,minmaxnorm
151,Q0,AP880331-0257,891,5.969901666788242,minmaxnorm
151,Q0,ZF108-223-446,892,5.9640697068770505,minmaxnorm
151,Q0,FR89302-0009,893,5.952975892914823,minmaxnorm
151,Q0,AP890615-0009,894,5.952034327242224,minmaxnorm
151,Q0,AP880712-0136,895,5.949839902924381,minmaxnorm
151,Q0,ZF108-585-026,896,5.943149525147824,minmaxnorm
151,Q0,ZF108-266-212,897,5.9319625939564755,minmaxnorm
151,Q0,ZF108-134-572,898,5.929927020578441,minmaxnorm
151,Q0,AP890206-0031,899,5.927005358678913,minmaxnorm
151,Q0,ZF108-497-508,900,5.921849056979519,minmaxnorm
151,Q0,AP891012-0068,901,5.907461608011942,minmaxnorm
151,Q0,ZF207-782-806,902,5.902955898253671,minmaxnorm
151,Q0,AP881216-0222,903,5.899299751522985,minmaxnorm
151,Q0,ZF207-362-286,904,5.876678015236708,minmaxnorm
151,Q0,ZF108-437-512,905,5.863741781054166,minmaxnorm
151,Q0,ZF207-640-000,906,5.855826365166684,minmaxnorm
151,Q0,ZF109-435-081,907,5.855113673409309,minmaxnorm
151,Q0,ZF108-269-146,908,5.830346380385583,minmaxnorm
151,Q0,ZF108-156-540,909,5.824526883450535,minmaxnorm
151,Q0,ZF109-584-583,910,5.82188327818071,minmaxnorm
151,Q0,ZF208-128-860,911,5.811567470598492,minmaxnorm
151,Q0,AP881224-0136,912,5.808283002987498,minmaxnorm
151,Q0,AP881230-0016,913,5.799181765951908,minmaxnorm
151,Q0,ZF109-562-959,914,5.792365903357007,minmaxnorm
151,Q0,AP880620-0217,915,5.783215129253949,minmaxnorm
151,Q0,ZF109-491-673,916,5.77930613069411,minmaxnorm
151,Q0,AP881228-0062,917,5.775169439822189,minmaxnorm
151,Q0,ZF207-646-874,918,5.769625267756306,minmaxnorm
151,Q0,AP890119-0054,919,5.757848391948777,minmaxnorm
151,Q0,ZF109-770-549,920,5.753152513200659,minmaxnorm
151,Q0,WSJ871229-0066,921,5.749209061057852,minmaxnorm
151,Q0,ZF108-112-816,922,5.740217459629484,minmaxnorm
151,Q0,AP891024-0014,923,5.735269560006147,minmaxnorm
151,Q0,ZF207-450-140,924,5.7332637321462805,minmaxnorm
151,Q0,WSJ920102-0016,925,5.730769596663526,minmaxnorm
151,Q0,WSJ910930-0091,926,5.723538101651249,minmaxnorm
151,Q0,FR89317-0028,927,5.723502577812003,minmaxnorm
151,Q0,ZF109-831-055,928,5.714345578235024,minmaxnorm
151,Q0,ZF108-738-592,929,5.6853389759139095,minmaxnorm
151,Q0,ZF207-131-672,930,5.682095893345961,minmaxnorm
151,Q0,ZF108-267-050,931,5.67240293516487,minmaxnorm
151,Q0,ZF108-775-034,932,5.667828376357731,minmaxnorm
151,Q0,ZF207-435-356,933,5.665928888179828,minmaxnorm
151,Q0,WSJ871119-0080,934,5.661989915263736,minmaxnorm
151,Q0,ZF207-232-189,935,5.652796353478748,minmaxnorm
151,Q0,ZF108-048-972,936,5.651652416569495,minmaxnorm
151,Q0,AP880602-0255,937,5.642197586545622,minmaxnorm
151,Q0,WSJ900625-0139,938,5.622685489935448,minmaxnorm
151,Q0,ZF208-224-624,939,5.620254904984831,minmaxnorm
151,Q0,ZF207-224-600,940,5.593972713069881,minmaxnorm
151,Q0,ZF109-494-935,941,5.582668842234011,minmaxnorm
151,Q0,ZF108-712-844,942,5.577905539919135,minmaxnorm
151,Q0,ZF207-263-034,943,5.5769320698380795,minmaxnorm
151,Q0,ZF108-241-370,944,5.564970039449872,minmaxnorm
151,Q0,DOE2-31-0173,945,5.563419014448294,minmaxnorm
151,Q0,AP880324-0186,946,5.559716825134646,minmaxnorm
151,Q0,AP880414-0199,947,5.551237190239283,minmaxnorm
151,Q0,AP891111-0059,948,5.5361639199230135,minmaxnorm
151,Q0,AP880817-0012,949,5.5262955952302235,minmaxnorm
151,Q0,FR89227-0058,950,5.525524397384659,minmaxnorm
151,Q0,AP890325-0094,951,5.52257892653908,minmaxnorm
151,Q0,ZF207-205-270,952,5.522184121630755,minmaxnorm
151,Q0,AP890410-0135,953,5.519217477204426,minmaxnorm
151,Q0,ZF109-569-031,954,5.51635142596437,minmaxnorm
151,Q0,ZF207-190-910,955,5.490480298293551,minmaxnorm
151,Q0,AP880906-0154,956,5.479114968743685,minmaxnorm
151,Q0,ZF108-505-754,957,5.470542008433598,minmaxnorm
151,Q0,ZF108-325-770,958,5.461477297837626,minmaxnorm
151,Q0,AP880401-0210,959,5.437393841975586,minmaxnorm
151,Q0,AP880702-0150,960,5.434639610808378,minmaxnorm
151,Q0,ZF108-191-316,961,5.434281820695999,minmaxnorm
151,Q0,AP890816-0049,962,5.432337398388901,minmaxnorm
151,Q0,ZF109-475-427,963,5.427096422232809,minmaxnorm
151,Q0,ZF109-715-963,964,5.421021691690393,minmaxnorm
151,Q0,AP881107-0036,965,5.416063624092759,minmaxnorm
151,Q0,ZF108-705-498,966,5.415456250086265,minmaxnorm
151,Q0,AP891120-0005,967,5.399095917032025,minmaxnorm
151,Q0,ZF108-823-638,968,5.396798254693426,minmaxnorm
151,Q0,ZF207-748-603,969,5.378952176492706,minmaxnorm
151,Q0,WSJ871229-0110,970,5.3678898592797735,minmaxnorm
151,Q0,ZF108-780-448,971,5.366803737139758,minmaxnorm
151,Q0,ZF108-227-774,972,5.3611247866717475,minmaxnorm
151,Q0,ZF108-279-142,973,5.338385598487241,minmaxnorm
151,Q0,WSJ900813-0018,974,5.3213461826897985,minmaxnorm
151,Q0,AP891028-0168,975,5.319597708373373,minmaxnorm
151,Q0,ZF109-514-107,976,5.318778990120636,minmaxnorm
151,Q0,ZF109-587-619,977,5.308569934444357,minmaxnorm
151,Q0,ZF108-168-010,978,5.304477918115974,minmaxnorm
151,Q0,AP880831-0102,979,5.301839104064603,minmaxnorm
151,Q0,AP881205-0097,980,5.300421549677756,minmaxnorm
151,Q0,ZF207-638-832,981,5.298767467361205,minmaxnorm
151,Q0,FR89803-0018,982,5.29455163820319,minmaxnorm
151,Q0,ZF110-374-520,983,5.288964580060448,minmaxnorm
151,Q0,ZF207-290-661,984,5.283767402384707,minmaxnorm
151,Q0,ZF207-595-597,985,5.277740834174647,minmaxnorm
151,Q0,ZF108-457-194,986,5.270420907286512,minmaxnorm
151,Q0,ZF207-895-862,987,5.2693567310513885,minmaxnorm
151,Q0,ZF109-603-867,988,5.266309603266134,minmaxnorm
151,Q0,ZF108-186-082,989,5.2577517140762255,minmaxnorm
151,Q0,ZF109-503-601,990,5.24621284858804,minmaxnorm
151,Q0,ZF108-059-694,991,5.2332764543226,minmaxnorm
151,Q0,AP890919-0110,992,5.232411960735944,minmaxnorm
151,Q0,WSJ900416-0089,993,5.2286619810192825,minmaxnorm
151,Q0,ZF207-912-488,994,5.22818320821548,minmaxnorm
151,Q0,AP880701-0131,995,5.225555998857851,minmaxnorm
151,Q0,ZF109-451-143,996,5.223474013919931,minmaxnorm
151,Q0,ZF207-130-284,997,5.218675589903796,minmaxnorm
151,Q0,WSJ900427-0098,998,5.21308983540219,minmaxnorm
151,Q0,ZF109-560-675,999,5.195312061203216,minmaxnorm
151,Q0,AP891013-0026,1000,5.189270989947496,minmaxnorm
156,Q0,AP881104-0268,1,127.61561983765547,minmaxnorm
156,Q0,WSJ920211-0036,2,109.9191552718903,minmaxnorm
156,Q0,WSJ910208-0130,3,108.03671706932693,minmaxnorm
156,Q0,WSJ900919-0009,4,106.0416991131967,minmaxnorm
156,Q0,WSJ911212-0080,5,105.0789695975228,minmaxnorm
156,Q0,AP880605-0026,6,104.40353281483604,minmaxnorm
156,Q0,AP890524-0207,7,100.92651511778585,minmaxnorm
156,Q0,AP880606-0019,8,100.91662505633842,minmaxnorm
156,Q0,WSJ911121-0136,9,98.21014702103868,minmaxnorm
156,Q0,AP880424-0020,10,96.96458462615132,minmaxnorm
156,Q0,AP890803-0028,11,94.1261095989164,minmaxnorm
156,Q0,AP880916-0029,12,93.05568333438463,minmaxnorm
156,Q0,AP880811-0163,13,91.04848077301885,minmaxnorm
156,Q0,WSJ910423-0173,14,90.35720777365337,minmaxnorm
156,Q0,AP890213-0017,15,90.22983764927226,minmaxnorm
156,Q0,WSJ870903-0094,16,87.68298068868235,minmaxnorm
156,Q0,AP880523-0060,17,87.01468198333113,minmaxnorm
156,Q0,AP880916-0009,18,84.10813121177635,minmaxnorm
156,Q0,WSJ910617-0089,19,83.88319171986964,minmaxnorm
156,Q0,AP890915-0198,20,83.68677721687979,minmaxnorm
156,Q0,WSJ910712-0055,21,83.57585030503127,minmaxnorm
156,Q0,WSJ900522-0107,22,83.22472427846411,minmaxnorm
156,Q0,AP890825-0196,23,83.17242312324608,minmaxnorm
156,Q0,WSJ900524-0003,24,83.0070304425926,minmaxnorm
156,Q0,AP890712-0088,25,82.71130464299517,minmaxnorm
156,Q0,AP880412-0045,26,81.21996482703874,minmaxnorm
156,Q0,WSJ871221-0164,27,80.4762633396189,minmaxnorm
156,Q0,WSJ880210-0066,28,79.94608801616104,minmaxnorm
156,Q0,AP890525-0050,29,79.55296771970485,minmaxnorm
156,Q0,WSJ911205-0004,30,78.99575673524917,minmaxnorm
156,Q0,WSJ911108-0019,31,77.9758655396736,minmaxnorm
156,Q0,WSJ900402-0188,32,77.06024562855589,minmaxnorm
156,Q0,AP890420-0023,33,76.93484661116678,minmaxnorm
156,Q0,AP880905-0074,34,76.5646189395834,minmaxnorm
156,Q0,AP880427-0240,35,76.49241144398874,minmaxnorm
156,Q0,AP891209-0104,36,74.04978760369244,minmaxnorm
156,Q0,AP880812-0017,37,73.97689242222994,minmaxnorm
156,Q0,AP890707-0162,38,73.16127006869877,minmaxnorm
156,Q0,AP880630-0204,39,73.12299310728069,minmaxnorm
156,Q0,AP880413-0242,40,72.46507892668046,minmaxnorm
156,Q0,AP890324-0049,41,72.39067174932727,minmaxnorm
156,Q0,WSJ910107-0169,42,72.26522478433363,minmaxnorm
156,Q0,WSJ910509-0080,43,71.22773065807615,minmaxnorm
156,Q0,AP890722-0081,44,70.59697654568166,minmaxnorm
156,Q0,AP890411-0126,45,70.45182153855367,minmaxnorm
156,Q0,AP880310-0257,46,70.1631601268001,minmaxnorm
156,Q0,AP880915-0133,47,69.45302399754195,minmaxnorm
156,Q0,AP880525-0285,48,69.2876046016622,minmaxnorm
156,Q0,WSJ911204-0126,49,69.18578777361995,minmaxnorm
156,Q0,AP891208-0044,50,69.07921500187562,minmaxnorm
156,Q0,AP890526-0069,51,68.91806311234765,minmaxnorm
156,Q0,AP881012-0114,52,68.80536973512368,minmaxnorm
156,Q0,AP880921-0097,53,67.86089194191506,minmaxnorm
156,Q0,AP891023-0207,54,67.6358027242484,minmaxnorm
156,Q0,AP890524-0235,55,67.56276678122909,minmaxnorm
156,Q0,WSJ920114-0145,56,67.16095996854949,minmaxnorm
156,Q0,AP890626-0023,57,65.70034479780172,minmaxnorm
156,Q0,AP880427-0150,58,64.80343341029256,minmaxnorm
156,Q0,AP880929-0184,59,64.51436527771651,minmaxnorm
156,Q0,AP880428-0156,60,64.46679580143307,minmaxnorm
156,Q0,AP891208-0116,61,64.14402119722891,minmaxnorm
156,Q0,AP880522-0055,62,64.02293667014793,minmaxnorm
156,Q0,AP880429-0040,63,63.5299036288305,minmaxnorm
156,Q0,WSJ910405-0160,64,62.96992747768929,minmaxnorm
156,Q0,AP880622-0068,65,62.815037718201786,minmaxnorm
156,Q0,WSJ910701-0052,66,62.42159662169576,minmaxnorm
156,Q0,AP880719-0104,67,62.063351109299134,minmaxnorm
156,Q0,WSJ910110-0101,68,62.022838439533245,minmaxnorm
156,Q0,AP881008-0107,69,61.94923003391038,minmaxnorm
156,Q0,AP890320-0002,70,61.549449925467194,minmaxnorm
156,Q0,WSJ900608-0042,71,61.02187856494195,minmaxnorm
156,Q0,WSJ880916-0094,72,60.84240669577639,minmaxnorm
156,Q0,AP890323-0001,73,59.806943489096014,minmaxnorm
156,Q0,AP890327-0004,74,59.08386986441394,minmaxnorm
156,Q0,AP890122-0043,75,58.763295327110896,minmaxnorm
156,Q0,WSJ911018-0121,76,58.58746651465519,minmaxnorm
156,Q0,AP880523-0139,77,58.42483523770529,minmaxnorm
156,Q0,ZF107-955-706,78,58.02748251331725,minmaxnorm
156,Q0,AP890306-0007,79,57.98311257509583,minmaxnorm
156,Q0,AP890221-0133,80,57.82879873887305,minmaxnorm
156,Q0,WSJ910312-0085,81,57.59542387709365,minmaxnorm
156,Q0,AP881108-0168,82,57.53575388262746,minmaxnorm
156,Q0,ZF207-338-121,83,57.36087406158327,minmaxnorm
156,Q0,WSJ920106-0111,84,56.81243343225982,minmaxnorm
156,Q0,WSJ910325-0159,85,56.775564431441694,minmaxnorm
156,Q0,AP890607-0015,86,56.31152191955391,minmaxnorm
156,Q0,FR891025-0107,87,55.99398353290993,minmaxnorm
156,Q0,WSJ910424-0156,88,55.979540214715115,minmaxnorm
156,Q0,WSJ880524-0130,89,55.965661850309026,minmaxnorm
156,Q0,AP880906-0017,90,55.89990865561809,minmaxnorm
156,Q0,WSJ880427-0026,91,55.867188595321224,minmaxnorm
156,Q0,AP881006-0087,92,55.394800623727484,minmaxnorm
156,Q0,AP880701-0027,93,55.17463822256906,minmaxnorm
156,Q0,AP890712-0147,94,54.83187910817176,minmaxnorm
156,Q0,AP880511-0021,95,54.698949257710176,minmaxnorm
156,Q0,AP881108-0141,96,54.58617163948952,minmaxnorm
156,Q0,AP890803-0216,97,54.467391205206184,minmaxnorm
156,Q0,AP891118-0021,98,54.448448880958594,minmaxnorm
156,Q0,WSJ920207-0018,99,53.82396528694961,minmaxnorm
156,Q0,AP880523-0140,100,53.78094556983932,minmaxnorm
156,Q0,WSJ910711-0024,101,53.57800935648468,minmaxnorm
156,Q0,AP890316-0023,102,53.431510492038335,minmaxnorm
156,Q0,AP890915-0036,103,53.00194898463545,minmaxnorm
156,Q0,AP880907-0169,104,52.426465877024114,minmaxnorm
156,Q0,WSJ900521-0068,105,51.690058119255546,minmaxnorm
156,Q0,AP881215-0130,106,51.27298150258155,minmaxnorm
156,Q0,AP891217-0064,107,51.17605293044927,minmaxnorm
156,Q0,AP880404-0141,108,51.09193012142676,minmaxnorm
156,Q0,DOE2-68-0149,109,50.73384010140352,minmaxnorm
156,Q0,WSJ881109-0008,110,50.62842354380913,minmaxnorm
156,Q0,AP890516-0046,111,50.533317886682,minmaxnorm
156,Q0,AP890223-0098,112,50.38453747468919,minmaxnorm
156,Q0,AP880526-0043,113,50.139366815498484,minmaxnorm
156,Q0,AP880513-0012,114,50.079483671064665,minmaxnorm
156,Q0,AP880928-0272,115,49.27605556038917,minmaxnorm
156,Q0,AP890326-0022,116,49.18888166158919,minmaxnorm
156,Q0,AP880706-0118,117,49.089682654821324,minmaxnorm
156,Q0,AP890515-0209,118,49.03502499238077,minmaxnorm
156,Q0,AP890221-0200,119,48.87031375054554,minmaxnorm
156,Q0,AP880426-0221,120,48.293320285180634,minmaxnorm
156,Q0,AP890420-0170,121,48.28745860725945,minmaxnorm
156,Q0,AP880917-0094,122,48.181278140960536,minmaxnorm
156,Q0,AP890414-0098,123,47.625750391222375,minmaxnorm
156,Q0,AP890202-0076,124,47.53315518871548,minmaxnorm
156,Q0,AP890919-0054,125,46.71087359723324,minmaxnorm
156,Q0,AP890707-0125,126,46.59087760663858,minmaxnorm
156,Q0,AP890119-0060,127,46.5479736369203,minmaxnorm
156,Q0,AP880524-0063,128,46.05808393229417,minmaxnorm
156,Q0,AP890301-0235,129,45.986446745237906,minmaxnorm
156,Q0,AP890315-0152,130,45.837095814802346,minmaxnorm
156,Q0,AP890912-0152,131,45.58765840736,minmaxnorm
156,Q0,AP880911-0050,132,45.35038097249673,minmaxnorm
156,Q0,AP891130-0048,133,45.257887022217524,minmaxnorm
156,Q0,WSJ880701-0048,134,45.24982733628951,minmaxnorm
156,Q0,AP890221-0122,135,44.6379307818259,minmaxnorm
156,Q0,AP880920-0186,136,44.58146968821229,minmaxnorm
156,Q0,AP881108-0051,137,44.51388743854694,minmaxnorm
156,Q0,AP880908-0164,138,44.32478600232561,minmaxnorm
156,Q0,AP890628-0078,139,44.290371739654226,minmaxnorm
156,Q0,FR89626-0137,140,43.373115349315434,minmaxnorm
156,Q0,AP880601-0057,141,42.87365646062471,minmaxnorm
156,Q0,AP880803-0033,142,42.451872224584726,minmaxnorm
156,Q0,AP891023-0040,143,42.202004008099486,minmaxnorm
156,Q0,AP880531-0184,144,42.18325136436631,minmaxnorm
156,Q0,AP880217-0158,145,42.1705235361886,minmaxnorm
156,Q0,AP890411-0085,146,42.13574893089961,minmaxnorm
156,Q0,WSJ920211-0053,147,41.341696165101204,minmaxnorm
156,Q0,AP890918-0160,148,41.26649228987959,minmaxnorm
156,Q0,WSJ880622-0020,149,41.00302890177525,minmaxnorm
156,Q0,AP890524-0041,150,40.54007931963106,minmaxnorm
156,Q0,AP880919-0011,151,40.499285306962534,minmaxnorm
156,Q0,AP880303-0005,152,39.537249822331496,minmaxnorm
156,Q0,AP890808-0015,153,39.48382085922341,minmaxnorm
156,Q0,AP881109-0298,154,39.454000563736784,minmaxnorm
156,Q0,AP890216-0174,155,39.4026974013256,minmaxnorm
156,Q0,AP881105-0164,156,39.37256379424017,minmaxnorm
156,Q0,AP890211-0020,157,39.336035755204726,minmaxnorm
156,Q0,AP890314-0208,158,39.20467569919226,minmaxnorm
156,Q0,AP891122-0010,159,39.20464571440486,minmaxnorm
156,Q0,AP881016-0013,160,38.556245296001705,minmaxnorm
156,Q0,AP880518-0048,161,38.39165486404742,minmaxnorm
156,Q0,AP890210-0226,162,38.12874210718774,minmaxnorm
156,Q0,AP880908-0282,163,38.040817274021286,minmaxnorm
156,Q0,AP891129-0091,164,37.651102617998816,minmaxnorm
156,Q0,AP890411-0038,165,37.608958811798615,minmaxnorm
156,Q0,AP880917-0121,166,37.574165432011,minmaxnorm
156,Q0,WSJ900627-0014,167,37.442329375010885,minmaxnorm
156,Q0,AP880810-0116,168,37.384716942665285,minmaxnorm
156,Q0,AP890516-0063,169,37.224309117281635,minmaxnorm
156,Q0,AP890205-0085,170,37.16655160174402,minmaxnorm
156,Q0,AP890222-0096,171,37.14897831397844,minmaxnorm
156,Q0,AP890224-0086,172,37.08397633124505,minmaxnorm
156,Q0,WSJ910403-0063,173,37.040160622045235,minmaxnorm
156,Q0,AP890803-0234,174,37.01381729593104,minmaxnorm
156,Q0,AP890315-0230,175,36.905577341945694,minmaxnorm
156,Q0,AP890613-0083,176,36.81621069852173,minmaxnorm
156,Q0,AP890320-0103,177,36.669769537499576,minmaxnorm
156,Q0,AP890307-0131,178,36.54371921012836,minmaxnorm
156,Q0,AP890628-0172,179,36.517551654976906,minmaxnorm
156,Q0,AP881111-0088,180,35.99857852245423,minmaxnorm
156,Q0,AP890712-0217,181,35.848220569368536,minmaxnorm
156,Q0,WSJ910419-0008,182,35.81041510589886,minmaxnorm
156,Q0,AP890130-0166,183,35.5991731643593,minmaxnorm
156,Q0,AP881109-0242,184,35.536063481590496,minmaxnorm
156,Q0,AP881109-0003,185,35.48182008546093,minmaxnorm
156,Q0,AP890619-0088,186,35.44644160534292,minmaxnorm
156,Q0,AP880511-0289,187,35.17913046569815,minmaxnorm
156,Q0,AP891004-0097,188,35.14318377643334,minmaxnorm
156,Q0,AP890214-0163,189,34.57403906375972,minmaxnorm
156,Q0,AP880813-0149,190,34.46062612109293,minmaxnorm
156,Q0,AP890222-0077,191,33.95327446267523,minmaxnorm
156,Q0,AP890308-0156,192,33.34330039118109,minmaxnorm
156,Q0,AP890915-0119,193,33.084396085751195,minmaxnorm
156,Q0,AP890712-0166,194,32.92627445524105,minmaxnorm
156,Q0,AP890511-0170,195,32.373978789694796,minmaxnorm
156,Q0,WSJ900606-0017,196,32.1977859855913,minmaxnorm
156,Q0,AP890406-0071,197,32.10404056373352,minmaxnorm
156,Q0,AP890515-0122,198,32.101165801208246,minmaxnorm
156,Q0,AP880822-0132,199,31.993965088804597,minmaxnorm
156,Q0,AP890315-0081,200,31.802161047795064,minmaxnorm
156,Q0,WSJ900924-0055,201,31.6942361399315,minmaxnorm
156,Q0,AP891122-0053,202,31.66869832524726,minmaxnorm
156,Q0,AP890427-0167,203,31.41783726660401,minmaxnorm
156,Q0,AP891201-0019,204,31.106165023294125,minmaxnorm
156,Q0,WSJ910329-0065,205,31.072110975527732,minmaxnorm
156,Q0,AP890318-0003,206,30.978840227491723,minmaxnorm
156,Q0,WSJ870916-0125,207,30.973279594399678,minmaxnorm
156,Q0,AP880615-0240,208,30.674638592493654,minmaxnorm
156,Q0,WSJ871019-0143,209,30.5377618407985,minmaxnorm
156,Q0,WSJ880222-0078,210,30.43843066532985,minmaxnorm
156,Q0,AP880429-0117,211,30.25547095835922,minmaxnorm
156,Q0,AP880910-0131,212,29.990121290065996,minmaxnorm
156,Q0,WSJ920211-0094,213,29.87043367266659,minmaxnorm
156,Q0,AP890405-0292,214,29.474037180735042,minmaxnorm
156,Q0,AP881026-0220,215,29.211519773291272,minmaxnorm
156,Q0,AP880601-0144,216,29.014487127965076,minmaxnorm
156,Q0,WSJ880624-0132,217,28.978690648985577,minmaxnorm
156,Q0,WSJ910329-0099,218,28.88072476865554,minmaxnorm
156,Q0,WSJ870203-0101,219,28.62686948155484,minmaxnorm
156,Q0,AP881123-0114,220,28.575367121117537,minmaxnorm
156,Q0,WSJ910206-0003,221,28.569800561069293,minmaxnorm
156,Q0,AP881104-0271,222,28.356797413233515,minmaxnorm
156,Q0,AP881227-0084,223,28.205794168779008,minmaxnorm
156,Q0,AP890418-0186,224,28.083334921729747,minmaxnorm
156,Q0,WSJ880915-0151,225,27.961839374292488,minmaxnorm
156,Q0,AP890125-0211,226,27.94454712052384,minmaxnorm
156,Q0,AP890406-0214,227,27.837328160468346,minmaxnorm
156,Q0,AP880615-0027,228,27.80098783323201,minmaxnorm
156,Q0,AP880224-0177,229,27.710408047480843,minmaxnorm
156,Q0,WSJ910619-0101,230,27.635759836292735,minmaxnorm
156,Q0,AP890923-0045,231,27.48647317671021,minmaxnorm
156,Q0,AP880227-0095,232,27.349389614508866,minmaxnorm
156,Q0,AP880825-0144,233,27.314836213045126,minmaxnorm
156,Q0,AP880608-0210,234,27.00228050527682,minmaxnorm
156,Q0,WSJ910627-0122,235,26.798672700267613,minmaxnorm
156,Q0,WSJ880930-0212,236,26.73363938161746,minmaxnorm
156,Q0,AP890619-0188,237,26.649935511194954,minmaxnorm
156,Q0,AP890619-0034,238,26.301684801374755,minmaxnorm
156,Q0,WSJ910624-0124,239,26.09580937548816,minmaxnorm
156,Q0,WSJ910114-0137,240,26.021134076482547,minmaxnorm
156,Q0,AP890317-0044,241,26.01039497688241,minmaxnorm
156,Q0,WSJ870707-0102,242,25.91967528344113,minmaxnorm
156,Q0,WSJ910502-0113,243,25.822023879419522,minmaxnorm
156,Q0,AP890204-0003,244,25.792614436496244,minmaxnorm
156,Q0,AP880831-0070,245,25.739894292607755,minmaxnorm
156,Q0,DOE2-67-0241,246,25.48949397526728,minmaxnorm
156,Q0,FR88822-0075,247,25.455131192612647,minmaxnorm
156,Q0,AP890524-0087,248,25.24352264000347,minmaxnorm
156,Q0,AP881130-0082,249,25.219321939029506,minmaxnorm
156,Q0,DOE1-01-1033,250,25.0646779259153,minmaxnorm
156,Q0,AP891205-0037,251,25.049510394962656,minmaxnorm
156,Q0,WSJ920310-0170,252,25.029204743169554,minmaxnorm
156,Q0,WSJ910530-0099,253,24.908997258072,minmaxnorm
156,Q0,WSJ911023-0084,254,24.846442492235223,minmaxnorm
156,Q0,WSJ861211-0175,255,24.80324925674457,minmaxnorm
156,Q0,AP880427-0263,256,24.542183118082207,minmaxnorm
156,Q0,AP880908-0223,257,24.52109147109739,minmaxnorm
156,Q0,AP890916-0131,258,24.39282629890784,minmaxnorm
156,Q0,WSJ900530-0136,259,24.142104435670348,minmaxnorm
156,Q0,AP891031-0170,260,24.119606040494148,minmaxnorm
156,Q0,WSJ910725-0100,261,24.11837761837078,minmaxnorm
156,Q0,AP890427-0216,262,24.045151408913814,minmaxnorm
156,Q0,AP890512-0040,263,24.016565160540484,minmaxnorm
156,Q0,AP890524-0154,264,23.928914624444968,minmaxnorm
156,Q0,WSJ880307-0109,265,23.919785184124148,minmaxnorm
156,Q0,AP890127-0136,266,23.716647763411864,minmaxnorm
156,Q0,AP890708-0068,267,23.70539483735939,minmaxnorm
156,Q0,WSJ911122-0021,268,23.670644664238594,minmaxnorm
156,Q0,AP890519-0067,269,23.593868099607125,minmaxnorm
156,Q0,WSJ880411-0047,270,23.54723854500385,minmaxnorm
156,Q0,AP880721-0090,271,23.484029430714358,minmaxnorm
156,Q0,AP890317-0128,272,23.45237628792286,minmaxnorm
156,Q0,AP890720-0194,273,23.42849031943283,minmaxnorm
156,Q0,WSJ891018-0153,274,23.309847929288033,minmaxnorm
156,Q0,AP880421-0196,275,23.238026838921495,minmaxnorm
156,Q0,AP890614-0058,276,23.210332815877337,minmaxnorm
156,Q0,AP890302-0113,277,23.170935872419847,minmaxnorm
156,Q0,AP890618-0032,278,23.10945304921001,minmaxnorm
156,Q0,AP890621-0081,279,23.054810351791744,minmaxnorm
156,Q0,AP891115-0123,280,23.00940906884011,minmaxnorm
156,Q0,AP880915-0196,281,22.963373870750534,minmaxnorm
156,Q0,WSJ880921-0103,282,22.943940934612748,minmaxnorm
156,Q0,AP880918-0068,283,22.91607787572931,minmaxnorm
156,Q0,AP881015-0076,284,22.79251152319635,minmaxnorm
156,Q0,AP890923-0025,285,22.716073442285282,minmaxnorm
156,Q0,WSJ900821-0031,286,22.527692280864798,minmaxnorm
156,Q0,AP881109-0141,287,22.51801669396521,minmaxnorm
156,Q0,AP890317-0022,288,22.410769019377863,minmaxnorm
156,Q0,AP880714-0017,289,22.345698563778097,minmaxnorm
156,Q0,AP890927-0090,290,22.330432173768585,minmaxnorm
156,Q0,AP890201-0169,291,22.184581941475695,minmaxnorm
156,Q0,AP890411-0103,292,22.112882851717558,minmaxnorm
156,Q0,WSJ870626-0186,293,22.0819714460512,minmaxnorm
156,Q0,WSJ880916-0119,294,22.068730916374356,minmaxnorm
156,Q0,AP890215-0172,295,22.050128930628453,minmaxnorm
156,Q0,WSJ870729-0164,296,22.00133415031792,minmaxnorm
156,Q0,WSJ881110-0018,297,21.928051973736967,minmaxnorm
156,Q0,AP890412-0109,298,21.88133443491225,minmaxnorm
156,Q0,AP881109-0127,299,21.745324740552327,minmaxnorm
156,Q0,WSJ870911-0141,300,21.716435652620213,minmaxnorm
156,Q0,AP890327-0168,301,21.702657333869496,minmaxnorm
156,Q0,AP880922-0009,302,21.680095629608,minmaxnorm
156,Q0,AP881027-0025,303,21.643231789774266,minmaxnorm
156,Q0,WSJ880212-0114,304,21.612405114835422,minmaxnorm
156,Q0,AP890713-0059,305,21.535009784649,minmaxnorm
156,Q0,AP880331-0016,306,21.499769453030993,minmaxnorm
156,Q0,WSJ900926-0110,307,21.438204331554182,minmaxnorm
156,Q0,WSJ871207-0138,308,21.290624439727097,minmaxnorm
156,Q0,AP890620-0042,309,21.28995360520713,minmaxnorm
156,Q0,AP890919-0139,310,21.288039286395556,minmaxnorm
156,Q0,AP880617-0029,311,21.156821687686907,minmaxnorm
156,Q0,WSJ911126-0077,312,21.14899781268847,minmaxnorm
156,Q0,AP890125-0106,313,21.140990495045163,minmaxnorm
156,Q0,AP880915-0204,314,20.96554051398553,minmaxnorm
156,Q0,AP890324-0184,315,20.926106906502444,minmaxnorm
156,Q0,AP890302-0154,316,20.919891050506386,minmaxnorm
156,Q0,AP891004-0178,317,20.918601749671904,minmaxnorm
156,Q0,WSJ910718-0141,318,20.88449972896996,minmaxnorm
156,Q0,AP881126-0116,319,20.638846952712058,minmaxnorm
156,Q0,WSJ870327-0119,320,20.57732717978414,minmaxnorm
156,Q0,AP891103-0123,321,20.491128018449697,minmaxnorm
156,Q0,FR88518-0136,322,20.43993328332452,minmaxnorm
156,Q0,AP890227-0214,323,20.395446215961293,minmaxnorm
156,Q0,AP880428-0194,324,20.368197798109264,minmaxnorm
156,Q0,AP890228-0100,325,20.336140390310824,minmaxnorm
156,Q0,AP890315-0022,326,20.32770328721212,minmaxnorm
156,Q0,FR88516-0128,327,20.285046340867083,minmaxnorm
156,Q0,AP890615-0137,328,20.272088899377877,minmaxnorm
156,Q0,AP880917-0017,329,20.26828760924001,minmaxnorm
156,Q0,AP891230-0067,330,20.24336897417467,minmaxnorm
156,Q0,AP880429-0261,331,20.231168941662634,minmaxnorm
156,Q0,AP890914-0131,332,20.134514913347164,minmaxnorm
156,Q0,WSJ911011-0115,333,20.072386118063573,minmaxnorm
156,Q0,WSJ910128-0108,334,20.033892836509388,minmaxnorm
156,Q0,AP890624-0039,335,20.032788661823744,minmaxnorm
156,Q0,AP890720-0066,336,19.95736540624689,minmaxnorm
156,Q0,AP891213-0196,337,19.946242617137848,minmaxnorm
156,Q0,AP890811-0081,338,19.9445902314732,minmaxnorm
156,Q0,WSJ910115-0115,339,19.87048049057369,minmaxnorm
156,Q0,AP881019-0196,340,19.83774465079362,minmaxnorm
156,Q0,WSJ870810-0120,341,19.814860632349962,minmaxnorm
156,Q0,AP890803-0123,342,19.715461911994904,minmaxnorm
156,Q0,WSJ900620-0101,343,19.684567057986463,minmaxnorm
156,Q0,WSJ870514-0145,344,19.507249750252736,minmaxnorm
156,Q0,WSJ871223-0173,345,19.415965268072284,minmaxnorm
156,Q0,AP890627-0154,346,19.39730384313284,minmaxnorm
156,Q0,WSJ861212-0094,347,19.390427574770044,minmaxnorm
156,Q0,WSJ870813-0143,348,19.337600642371534,minmaxnorm
156,Q0,AP880424-0086,349,19.22129888682825,minmaxnorm
156,Q0,AP890804-0109,350,19.189793616406003,minmaxnorm
156,Q0,AP890606-0106,351,19.171749925582276,minmaxnorm
156,Q0,AP890720-0167,352,19.167440459021133,minmaxnorm
156,Q0,AP890619-0060,353,19.13480737665366,minmaxnorm
156,Q0,DOE1-15-0933,354,19.031588908625647,minmaxnorm
156,Q0,WSJ870930-0152,355,19.002729100318078,minmaxnorm
156,Q0,AP890107-0159,356,18.980875630013493,minmaxnorm
156,Q0,WSJ900621-0081,357,18.926490476267286,minmaxnorm
156,Q0,AP880713-0031,358,18.74181053717509,minmaxnorm
156,Q0,WSJ871204-0041,359,18.67170033942343,minmaxnorm
156,Q0,AP880329-0271,360,18.636447392268554,minmaxnorm
156,Q0,AP880402-0121,361,18.62694790030472,minmaxnorm
156,Q0,AP881027-0102,362,18.614893961653067,minmaxnorm
156,Q0,AP890516-0035,363,18.584829206661805,minmaxnorm
156,Q0,AP880314-0133,364,18.545066179225817,minmaxnorm
156,Q0,AP880807-0011,365,18.48596380454687,minmaxnorm
156,Q0,WSJ890913-0093,366,18.402750607250823,minmaxnorm
156,Q0,AP890125-0107,367,18.402224448225702,minmaxnorm
156,Q0,AP880826-0254,368,18.3257947666558,minmaxnorm
156,Q0,WSJ910717-0001,369,18.288809670440422,minmaxnorm
156,Q0,AP890309-0190,370,18.28324250871237,minmaxnorm
156,Q0,AP890628-0024,371,18.203861231732084,minmaxnorm
156,Q0,WSJ880615-0150,372,18.164223066695556,minmaxnorm
156,Q0,AP890109-0099,373,18.16259663977505,minmaxnorm
156,Q0,ZF108-624-386,374,18.042313443039045,minmaxnorm
156,Q0,AP890310-0086,375,17.997086697857316,minmaxnorm
156,Q0,AP890315-0200,376,17.933415601276067,minmaxnorm
156,Q0,AP890204-0141,377,17.916955621382314,minmaxnorm
156,Q0,AP890315-0189,378,17.89907096295377,minmaxnorm
156,Q0,AP890317-0098,379,17.82328826319994,minmaxnorm
156,Q0,AP890309-0087,380,17.765123729106147,minmaxnorm
156,Q0,FR89712-0095,381,17.735470446346763,minmaxnorm
156,Q0,WSJ861218-0190,382,17.729599059745933,minmaxnorm
156,Q0,WSJ871103-0107,383,17.62727933119661,minmaxnorm
156,Q0,AP890425-0041,384,17.60223955563864,minmaxnorm
156,Q0,WSJ911028-0175,385,17.5334046471972,minmaxnorm
156,Q0,AP890516-0034,386,17.52628231545127,minmaxnorm
156,Q0,AP890703-0157,387,17.481202515017756,minmaxnorm
156,Q0,AP880321-0015,388,17.476949028397243,minmaxnorm
156,Q0,WSJ900824-0005,389,17.472138360903433,minmaxnorm
156,Q0,AP880806-0032,390,17.469999196066496,minmaxnorm
156,Q0,FR88514-0001,391,17.46627666446058,minmaxnorm
156,Q0,AP890628-0111,392,17.441069871464816,minmaxnorm
156,Q0,AP890711-0089,393,17.303634994806913,minmaxnorm
156,Q0,AP880801-0115,394,17.09737395999566,minmaxnorm
156,Q0,AP890228-0135,395,17.06092285212856,minmaxnorm
156,Q0,AP891013-0058,396,16.959709761566465,minmaxnorm
156,Q0,AP880921-0043,397,16.8874051223731,minmaxnorm
156,Q0,AP891224-0071,398,16.870981977811894,minmaxnorm
156,Q0,AP881026-0145,399,16.8533559784201,minmaxnorm
156,Q0,WSJ880502-0145,400,16.76815652940002,minmaxnorm
156,Q0,AP890318-0043,401,16.73745824976249,minmaxnorm
156,Q0,AP891013-0066,402,16.722294601192353,minmaxnorm
156,Q0,AP881004-0089,403,16.652422381009682,minmaxnorm
156,Q0,WSJ920306-0178,404,16.54992545330779,minmaxnorm
156,Q0,AP890602-0224,405,16.544683417202137,minmaxnorm
156,Q0,WSJ880909-0011,406,16.54217623544212,minmaxnorm
156,Q0,WSJ881017-0020,407,16.477590230665857,minmaxnorm
156,Q0,AP881102-0249,408,16.36760955067647,minmaxnorm
156,Q0,WSJ910712-0013,409,16.258663792942958,minmaxnorm
156,Q0,AP881007-0038,410,16.25174249922168,minmaxnorm
156,Q0,AP881126-0049,411,16.189103940964472,minmaxnorm
156,Q0,WSJ910801-0110,412,16.086420350980152,minmaxnorm
156,Q0,AP881108-0036,413,15.986176219977,minmaxnorm
156,Q0,AP881107-0030,414,15.941192143275455,minmaxnorm
156,Q0,AP890911-0147,415,15.913056786298172,minmaxnorm
156,Q0,AP881103-0231,416,15.912138614701545,minmaxnorm
156,Q0,FR89501-0028,417,15.84495645740024,minmaxnorm
156,Q0,AP880510-0238,418,15.791649179618446,minmaxnorm
156,Q0,FR88926-0025,419,15.725843979053382,minmaxnorm
156,Q0,WSJ910815-0036,420,15.702554782813015,minmaxnorm
156,Q0,FR891013-0117,421,15.680160896814552,minmaxnorm
156,Q0,AP890627-0097,422,15.65802291647643,minmaxnorm
156,Q0,WSJ870304-0078,423,15.59542577661845,minmaxnorm
156,Q0,WSJ881116-0072,424,15.577329977440288,minmaxnorm
156,Q0,AP890809-0005,425,15.576811359603656,minmaxnorm
156,Q0,AP891114-0193,426,15.54281505462842,minmaxnorm
156,Q0,AP890714-0038,427,15.513547262778765,minmaxnorm
156,Q0,WSJ910610-0137,428,15.513016254468521,minmaxnorm
156,Q0,AP890125-0105,429,15.467942378159808,minmaxnorm
156,Q0,ZF207-144-652,430,15.347918150801005,minmaxnorm
156,Q0,WSJ870403-0101,431,15.295387753299256,minmaxnorm
156,Q0,WSJ910808-0050,432,15.179328559664583,minmaxnorm
156,Q0,AP890325-0054,433,15.14533329443115,minmaxnorm
156,Q0,AP890616-0021,434,15.141250231303315,minmaxnorm
156,Q0,AP890531-0148,435,15.02620704203671,minmaxnorm
156,Q0,WSJ920113-0101,436,15.00619461841601,minmaxnorm
156,Q0,ZF108-147-348,437,14.972421269078882,minmaxnorm
156,Q0,AP890328-0010,438,14.91519575548022,minmaxnorm
156,Q0,AP880518-0140,439,14.886158047312819,minmaxnorm
156,Q0,WSJ870522-0172,440,14.855234091739309,minmaxnorm
156,Q0,DOE2-73-0389,441,14.829803264974089,minmaxnorm
156,Q0,WSJ900801-0165,442,14.774432440584336,minmaxnorm
156,Q0,WSJ910509-0004,443,14.771676793078054,minmaxnorm
156,Q0,AP890203-0171,444,14.755438544263857,minmaxnorm
156,Q0,AP880422-0078,445,14.733343710309223,minmaxnorm
156,Q0,WSJ900713-0120,446,14.731475561182007,minmaxnorm
156,Q0,AP891122-0218,447,14.697371331363039,minmaxnorm
156,Q0,AP890314-0051,448,14.67487465721512,minmaxnorm
156,Q0,AP881006-0245,449,14.639981576076321,minmaxnorm
156,Q0,WSJ870520-0096,450,14.509766179747459,minmaxnorm
156,Q0,AP880418-0143,451,14.508685760741567,minmaxnorm
156,Q0,FR89522-0019,452,14.478159412090502,minmaxnorm
156,Q0,WSJ910528-0102,453,14.445098582240432,minmaxnorm
156,Q0,AP881129-0015,454,14.431888750852547,minmaxnorm
156,Q0,AP890613-0158,455,14.423699769949355,minmaxnorm
156,Q0,WSJ880926-0091,456,14.389961150042097,minmaxnorm
156,Q0,AP891105-0099,457,14.382232111547316,minmaxnorm
156,Q0,WSJ910618-0134,458,14.382173613044426,minmaxnorm
156,Q0,WSJ880114-0132,459,14.361456033372164,minmaxnorm
156,Q0,WSJ920316-0125,460,14.304101519441081,minmaxnorm
156,Q0,WSJ880817-0115,461,14.29404991893595,minmaxnorm
156,Q0,AP880414-0015,462,14.161610768462738,minmaxnorm
156,Q0,WSJ910823-0086,463,14.139378704054185,minmaxnorm
156,Q0,WSJ880817-0151,464,14.124708885610291,minmaxnorm
156,Q0,WSJ920323-0040,465,14.124449376451954,minmaxnorm
156,Q0,AP881109-0041,466,14.013373749887375,minmaxnorm
156,Q0,WSJ870616-0149,467,13.880076894861482,minmaxnorm
156,Q0,AP880525-0234,468,13.818600460334839,minmaxnorm
156,Q0,WSJ880128-0010,469,13.818373501430896,minmaxnorm
156,Q0,AP890320-0146,470,13.728213379920227,minmaxnorm
156,Q0,AP881005-0238,471,13.718062008799752,minmaxnorm
156,Q0,WSJ911028-0053,472,13.639081959045889,minmaxnorm
156,Q0,WSJ910408-0022,473,13.612885208998701,minmaxnorm
156,Q0,AP890228-0061,474,13.611319951684969,minmaxnorm
156,Q0,AP890428-0164,475,13.598859331297698,minmaxnorm
156,Q0,DOE1-87-0668,476,13.592647029116135,minmaxnorm
156,Q0,AP881026-0222,477,13.585325523210255,minmaxnorm
156,Q0,AP890628-0035,478,13.550483080839747,minmaxnorm
156,Q0,AP890317-0082,479,13.51459045841189,minmaxnorm
156,Q0,AP880429-0130,480,13.492766967206363,minmaxnorm
156,Q0,AP891007-0119,481,13.417285469793923,minmaxnorm
156,Q0,FR89426-0011,482,13.388761397689724,minmaxnorm
156,Q0,AP880423-0125,483,13.383015730707399,minmaxnorm
156,Q0,WSJ900605-0027,484,13.332772523887625,minmaxnorm
156,Q0,WSJ880115-0133,485,13.310965473314353,minmaxnorm
156,Q0,FR88512-0113,486,13.280526171122784,minmaxnorm
156,Q0,AP890223-0064,487,13.2573955819703,minmaxnorm
156,Q0,AP881008-0001,488,13.248452538151334,minmaxnorm
156,Q0,WSJ870921-0174,489,13.242055311932226,minmaxnorm
156,Q0,WSJ870430-0030,490,13.211695590632605,minmaxnorm
156,Q0,FR88201-0020,491,13.20288087623362,minmaxnorm
156,Q0,AP891004-0042,492,13.189471915674751,minmaxnorm
156,Q0,AP890828-0009,493,13.170506435268916,minmaxnorm
156,Q0,AP890720-0127,494,13.158204489176248,minmaxnorm
156,Q0,FR881024-0109,495,13.127958648634444,minmaxnorm
156,Q0,WSJ870422-0076,496,13.124987842859955,minmaxnorm
156,Q0,AP890320-0056,497,13.113035161361138,minmaxnorm
156,Q0,FR89426-0008,498,13.108412251242052,minmaxnorm
156,Q0,WSJ870715-0131,499,13.088734081290411,minmaxnorm
156,Q0,AP880829-0013,500,13.042385647972502,minmaxnorm
156,Q0,AP890121-0124,501,13.023055643457171,minmaxnorm
156,Q0,WSJ900705-0084,502,12.996490502993382,minmaxnorm
156,Q0,FR89517-0099,503,12.985120211794893,minmaxnorm
156,Q0,WSJ880922-0166,504,12.971734329755906,minmaxnorm
156,Q0,WSJ880330-0165,505,12.943381646309797,minmaxnorm
156,Q0,AP880702-0077,506,12.913204413146712,minmaxnorm
156,Q0,WSJ881104-0067,507,12.910531954456554,minmaxnorm
156,Q0,FR89123-0023,508,12.899441668984425,minmaxnorm
156,Q0,AP881107-0044,509,12.888546644611429,minmaxnorm
156,Q0,ZF109-617-837,510,12.875877360622804,minmaxnorm
156,Q0,WSJ910819-0109,511,12.874325518933098,minmaxnorm
156,Q0,AP890410-0016,512,12.834601882646176,minmaxnorm
156,Q0,AP880906-0116,513,12.81429395994686,minmaxnorm
156,Q0,WSJ870611-0090,514,12.789249925478469,minmaxnorm
156,Q0,FR89530-0110,515,12.771498867652328,minmaxnorm
156,Q0,AP880913-0013,516,12.74007208204486,minmaxnorm
156,Q0,AP880816-0046,517,12.658633190583384,minmaxnorm
156,Q0,AP890713-0101,518,12.635831324889491,minmaxnorm
156,Q0,FR88511-0168,519,12.595956966859447,minmaxnorm
156,Q0,AP891121-0029,520,12.594390344126586,minmaxnorm
156,Q0,WSJ900404-0128,521,12.563143014641545,minmaxnorm
156,Q0,WSJ900914-0144,522,12.559738536720129,minmaxnorm
156,Q0,FR89501-0031,523,12.533555756513609,minmaxnorm
156,Q0,AP891030-0015,524,12.495513053119364,minmaxnorm
156,Q0,AP881121-0180,525,12.481346272125071,minmaxnorm
156,Q0,WSJ871020-0073,526,12.441898278053982,minmaxnorm
156,Q0,FR89302-0021,527,12.426787448958898,minmaxnorm
156,Q0,AP890830-0020,528,12.391885218496556,minmaxnorm
156,Q0,AP881103-0007,529,12.35278374087318,minmaxnorm
156,Q0,WSJ870212-0028,530,12.35206843820215,minmaxnorm
156,Q0,FR88606-0043,531,12.351951889842017,minmaxnorm
156,Q0,AP881122-0003,532,12.33871762609305,minmaxnorm
156,Q0,AP881005-0254,533,12.334226564773248,minmaxnorm
156,Q0,AP881017-0181,534,12.30741879628848,minmaxnorm
156,Q0,WSJ871118-0089,535,12.3025641538751,minmaxnorm
156,Q0,AP880419-0290,536,12.24041989095523,minmaxnorm
156,Q0,AP890919-0030,537,12.222851706562688,minmaxnorm
156,Q0,WSJ890810-0155,538,12.183094873687915,minmaxnorm
156,Q0,WSJ880818-0005,539,12.182132776471239,minmaxnorm
156,Q0,WSJ890814-0058,540,12.169495674052213,minmaxnorm
156,Q0,AP890213-0124,541,12.149326174492469,minmaxnorm
156,Q0,WSJ880615-0086,542,12.110122895331562,minmaxnorm
156,Q0,WSJ870205-0151,543,12.109777981639681,minmaxnorm
156,Q0,WSJ900706-0129,544,12.1019270483343,minmaxnorm
156,Q0,WSJ920213-0110,545,12.082120252556926,minmaxnorm
156,Q0,WSJ911107-0101,546,12.074969142004917,minmaxnorm
156,Q0,WSJ880303-0078,547,12.061461239536289,minmaxnorm
156,Q0,WSJ871105-0071,548,12.05650848137305,minmaxnorm
156,Q0,AP890222-0097,549,12.043660992401914,minmaxnorm
156,Q0,AP890419-0028,550,11.995697158368001,minmaxnorm
156,Q0,AP890703-0146,551,11.990686896869521,minmaxnorm
156,Q0,WSJ880620-0157,552,11.957310474626784,minmaxnorm
156,Q0,WSJ911224-0085,553,11.956238719720579,minmaxnorm
156,Q0,AP881106-0001,554,11.947434676818757,minmaxnorm
156,Q0,AP881005-0121,555,11.912647980083914,minmaxnorm
156,Q0,AP880912-0023,556,11.831776924545595,minmaxnorm
156,Q0,WSJ911120-0038,557,11.795625190284298,minmaxnorm
156,Q0,FR89417-0026,558,11.721844222364135,minmaxnorm
156,Q0,AP890215-0152,559,11.708978358448219,minmaxnorm
156,Q0,AP890118-0015,560,11.667402840428357,minmaxnorm
156,Q0,AP890203-0194,561,11.61073685004396,minmaxnorm
156,Q0,AP890412-0055,562,11.603590116535626,minmaxnorm
156,Q0,AP881103-0208,563,11.602344865879106,minmaxnorm
156,Q0,AP881022-0127,564,11.59029001714169,minmaxnorm
156,Q0,WSJ911007-0188,565,11.579270367894935,minmaxnorm
156,Q0,AP890725-0104,566,11.569446450034665,minmaxnorm
156,Q0,AP880830-0052,567,11.479627263492148,minmaxnorm
156,Q0,AP890318-0159,568,11.46640288448429,minmaxnorm
156,Q0,AP891220-0169,569,11.462208574838861,minmaxnorm
156,Q0,AP891021-0046,570,11.448789530540084,minmaxnorm
156,Q0,WSJ880901-0055,571,11.423303699578799,minmaxnorm
156,Q0,ZF108-073-656,572,11.38894334284872,minmaxnorm
156,Q0,AP880813-0145,573,11.384405862767839,minmaxnorm
156,Q0,AP891009-0119,574,11.378545588560227,minmaxnorm
156,Q0,ZF108-204-204,575,11.361788794372199,minmaxnorm
156,Q0,AP881021-0020,576,11.356752326178611,minmaxnorm
156,Q0,AP890427-0025,577,11.338081850117456,minmaxnorm
156,Q0,AP891116-0097,578,11.327741767428527,minmaxnorm
156,Q0,WSJ871023-0112,579,11.32061494026421,minmaxnorm
156,Q0,AP890128-0057,580,11.311475304695135,minmaxnorm
156,Q0,WSJ861211-0104,581,11.262196460230546,minmaxnorm
156,Q0,AP880219-0087,582,11.23364679966129,minmaxnorm
156,Q0,DOE1-70-0920,583,11.228475407329585,minmaxnorm
156,Q0,AP880423-0189,584,11.207917882711591,minmaxnorm
156,Q0,AP880811-0155,585,11.166612979117266,minmaxnorm
156,Q0,DOE2-08-0143,586,11.091548928599039,minmaxnorm
156,Q0,AP880905-0131,587,11.071805418397716,minmaxnorm
156,Q0,WSJ870707-0019,588,11.07118660674048,minmaxnorm
156,Q0,AP880728-0010,589,11.063653856297503,minmaxnorm
156,Q0,WSJ870211-0122,590,11.03773782052442,minmaxnorm
156,Q0,AP881110-0194,591,11.021736348366554,minmaxnorm
156,Q0,AP890207-0177,592,11.002174883341363,minmaxnorm
156,Q0,AP891107-0158,593,10.99085564664912,minmaxnorm
156,Q0,AP891101-0092,594,10.925836069202703,minmaxnorm
156,Q0,AP891110-0130,595,10.88661046442718,minmaxnorm
156,Q0,AP880225-0067,596,10.869482491894312,minmaxnorm
156,Q0,AP880319-0007,597,10.85624246346903,minmaxnorm
156,Q0,WSJ871113-0056,598,10.846259628736817,minmaxnorm
156,Q0,WSJ880919-0020,599,10.8289304912113,minmaxnorm
156,Q0,WSJ870331-0163,600,10.821792733725236,minmaxnorm
156,Q0,AP880807-0046,601,10.817188647106258,minmaxnorm
156,Q0,AP880914-0123,602,10.788850179451817,minmaxnorm
156,Q0,AP890704-0073,603,10.767005568041602,minmaxnorm
156,Q0,AP890208-0029,604,10.756897854922057,minmaxnorm
156,Q0,AP880928-0036,605,10.735435746357332,minmaxnorm
156,Q0,ZF207-746-458,606,10.729607554753628,minmaxnorm
156,Q0,WSJ870220-0037,607,10.726493731720645,minmaxnorm
156,Q0,DOE2-54-0546,608,10.664704246544959,minmaxnorm
156,Q0,AP880712-0129,609,10.641177189818631,minmaxnorm
156,Q0,WSJ910617-0066,610,10.636114672685471,minmaxnorm
156,Q0,WSJ880705-0159,611,10.620966177505188,minmaxnorm
156,Q0,AP881003-0070,612,10.601925872399264,minmaxnorm
156,Q0,AP890223-0118,613,10.598383821084079,minmaxnorm
156,Q0,AP881004-0202,614,10.596174385442668,minmaxnorm
156,Q0,WSJ900405-0129,615,10.54623182178659,minmaxnorm
156,Q0,WSJ880516-0120,616,10.490832033682802,minmaxnorm
156,Q0,FR881207-0031,617,10.458609586213752,minmaxnorm
156,Q0,AP880510-0243,618,10.457985745493831,minmaxnorm
156,Q0,DOE2-42-1159,619,10.415651632878657,minmaxnorm
156,Q0,DOE1-87-0563,620,10.393778006054623,minmaxnorm
156,Q0,AP890522-0206,621,10.393357571892546,minmaxnorm
156,Q0,AP890424-0139,622,10.373612903348358,minmaxnorm
156,Q0,WSJ900523-0121,623,10.370356474689544,minmaxnorm
156,Q0,AP890910-0008,624,10.36686797421629,minmaxnorm
156,Q0,AP890326-0056,625,10.363592411199331,minmaxnorm
156,Q0,AP890628-0100,626,10.351927406057428,minmaxnorm
156,Q0,AP890523-0133,627,10.349681649911844,minmaxnorm
156,Q0,DOE1-55-0716,628,10.34293405829889,minmaxnorm
156,Q0,AP881027-0024,629,10.339567405997899,minmaxnorm
156,Q0,WSJ871202-0084,630,10.305930769856628,minmaxnorm
156,Q0,AP891215-0163,631,10.305325232375745,minmaxnorm
156,Q0,AP880621-0263,632,10.290145670629123,minmaxnorm
156,Q0,AP890313-0160,633,10.288524420699577,minmaxnorm
156,Q0,AP880622-0012,634,10.255333073014024,minmaxnorm
156,Q0,WSJ880427-0150,635,10.246963503215767,minmaxnorm
156,Q0,ZF108-106-888,636,10.239887998458924,minmaxnorm
156,Q0,WSJ871222-0123,637,10.223766894638098,minmaxnorm
156,Q0,FR881121-0095,638,10.222714303164317,minmaxnorm
156,Q0,AP880828-0025,639,10.18128100665192,minmaxnorm
156,Q0,AP890915-0190,640,10.172837411827688,minmaxnorm
156,Q0,DOE2-26-1032,641,10.153301754403618,minmaxnorm
156,Q0,FR88115-0115,642,10.13133636935287,minmaxnorm
156,Q0,WSJ880928-0108,643,10.131098354765015,minmaxnorm
156,Q0,WSJ870128-0127,644,10.121300425321863,minmaxnorm
156,Q0,AP881024-0108,645,10.087556312859272,minmaxnorm
156,Q0,WSJ880107-0112,646,10.054667376496669,minmaxnorm
156,Q0,AP891220-0108,647,10.0505761948127,minmaxnorm
156,Q0,AP881108-0176,648,10.033703107279957,minmaxnorm
156,Q0,AP890614-0125,649,10.009502396254485,minmaxnorm
156,Q0,WSJ881104-0112,650,10.00048668670844,minmaxnorm
156,Q0,WSJ900424-0008,651,9.979636782559759,minmaxnorm
156,Q0,AP881103-0244,652,9.939383137718274,minmaxnorm
156,Q0,AP891028-0012,653,9.9291623825243,minmaxnorm
156,Q0,FR89417-0022,654,9.8682263642453,minmaxnorm
156,Q0,WSJ881014-0105,655,9.844824629652285,minmaxnorm
156,Q0,FR89417-0030,656,9.812309510809477,minmaxnorm
156,Q0,AP890620-0182,657,9.765857373291674,minmaxnorm
156,Q0,AP890319-0011,658,9.741701617728244,minmaxnorm
156,Q0,AP890718-0225,659,9.714211448414684,minmaxnorm
156,Q0,AP880915-0146,660,9.712654019914133,minmaxnorm
156,Q0,AP890420-0093,661,9.643976292775594,minmaxnorm
156,Q0,AP890330-0097,662,9.632956957437214,minmaxnorm
156,Q0,AP890930-0048,663,9.632554029758724,minmaxnorm
156,Q0,AP880917-0079,664,9.621438899094523,minmaxnorm
156,Q0,AP880313-0029,665,9.602886508675969,minmaxnorm
156,Q0,WSJ900725-0135,666,9.58575774422068,minmaxnorm
156,Q0,AP880225-0235,667,9.58282731346408,minmaxnorm
156,Q0,AP890201-0053,668,9.56718251551214,minmaxnorm
156,Q0,WSJ880304-0073,669,9.55263668245096,minmaxnorm
156,Q0,AP881012-0031,670,9.520790384843343,minmaxnorm
156,Q0,AP881106-0069,671,9.487312949682986,minmaxnorm
156,Q0,WSJ891102-0085,672,9.46624656955516,minmaxnorm
156,Q0,AP880801-0066,673,9.451460190109898,minmaxnorm
156,Q0,AP880419-0146,674,9.436797201481452,minmaxnorm
156,Q0,AP880802-0177,675,9.432826001904115,minmaxnorm
156,Q0,FR881006-0001,676,9.428639748426866,minmaxnorm
156,Q0,AP881102-0017,677,9.425003587284353,minmaxnorm
156,Q0,AP880927-0114,678,9.407164934254673,minmaxnorm
156,Q0,AP891223-0026,679,9.402971788489273,minmaxnorm
156,Q0,FR891102-0034,680,9.362355005063705,minmaxnorm
156,Q0,AP880616-0180,681,9.340352255791132,minmaxnorm
156,Q0,ZF207-757-977,682,9.302389025247777,minmaxnorm
156,Q0,DOE2-11-0454,683,9.266851868811223,minmaxnorm
156,Q0,WSJ871001-0151,684,9.23423723432901,minmaxnorm
156,Q0,AP880812-0020,685,9.208214360238536,minmaxnorm
156,Q0,WSJ881011-0072,686,9.204189895241417,minmaxnorm
156,Q0,AP880218-0120,687,9.191149867425242,minmaxnorm
156,Q0,WSJ880321-0101,688,9.18883384954644,minmaxnorm
156,Q0,AP890802-0148,689,9.168851672857583,minmaxnorm
156,Q0,WSJ871204-0026,690,9.163536780110867,minmaxnorm
156,Q0,AP890501-0082,691,9.142762087690071,minmaxnorm
156,Q0,DOE1-65-1020,692,9.128472797215467,minmaxnorm
156,Q0,AP890208-0086,693,9.124827598683948,minmaxnorm
156,Q0,WSJ910424-0001,694,9.12308925846705,minmaxnorm
156,Q0,AP890222-0017,695,9.121811192365566,minmaxnorm
156,Q0,FR89417-0032,696,9.119433920774226,minmaxnorm
156,Q0,WSJ870515-0045,697,9.101506283492071,minmaxnorm
156,Q0,AP881004-0060,698,9.065306357405992,minmaxnorm
156,Q0,WSJ910212-0084,699,9.047590113502556,minmaxnorm
156,Q0,WSJ900621-0108,700,9.040969664353982,minmaxnorm
156,Q0,AP880827-0093,701,9.032886291683615,minmaxnorm
156,Q0,AP890707-0184,702,9.008814239719738,minmaxnorm
156,Q0,AP880505-0097,703,9.007193505490134,minmaxnorm
156,Q0,WSJ910821-0050,704,9.00126379974034,minmaxnorm
156,Q0,FR88517-0012,705,8.99869701198439,minmaxnorm
156,Q0,WSJ880427-0003,706,8.993996363716212,minmaxnorm
156,Q0,AP880628-0179,707,8.99319320956278,minmaxnorm
156,Q0,AP880520-0060,708,8.981608054024948,minmaxnorm
156,Q0,WSJ880318-0121,709,8.95615505501155,minmaxnorm
156,Q0,DOE1-05-0907,710,8.95481092647171,minmaxnorm
156,Q0,WSJ900705-0103,711,8.926198076610937,minmaxnorm
156,Q0,FR89303-0113,712,8.902880838978454,minmaxnorm
156,Q0,AP880624-0023,713,8.88910281284052,minmaxnorm
156,Q0,WSJ870616-0105,714,8.886113946130367,minmaxnorm
156,Q0,AP890302-0132,715,8.87723980395544,minmaxnorm
156,Q0,WSJ910205-0109,716,8.870560319170306,minmaxnorm
156,Q0,AP890224-0054,717,8.857103171482903,minmaxnorm
156,Q0,ZF207-331-214,718,8.84109458258069,minmaxnorm
156,Q0,WSJ920212-0110,719,8.835509680048435,minmaxnorm
156,Q0,AP881201-0143,720,8.82077138473214,minmaxnorm
156,Q0,AP890911-0022,721,8.78342796111079,minmaxnorm
156,Q0,AP881016-0045,722,8.773276623040086,minmaxnorm
156,Q0,AP881022-0052,723,8.76489715344112,minmaxnorm
156,Q0,WSJ870729-0081,724,8.763395008121623,minmaxnorm
156,Q0,AP881104-0084,725,8.763117788981127,minmaxnorm
156,Q0,ZF207-099-234,726,8.75820162920521,minmaxnorm
156,Q0,ZF207-077-664,727,8.75220983470666,minmaxnorm
156,Q0,WSJ880831-0146,728,8.728427106969804,minmaxnorm
156,Q0,DOE1-46-0554,729,8.722760427270481,minmaxnorm
156,Q0,WSJ910517-0160,730,8.71815534258144,minmaxnorm
156,Q0,FR88609-0017,731,8.710825324173003,minmaxnorm
156,Q0,WSJ910319-0169,732,8.677710754251091,minmaxnorm
156,Q0,AP881006-0049,733,8.655849355766442,minmaxnorm
156,Q0,AP881005-0247,734,8.629642239651854,minmaxnorm
156,Q0,ZF207-766-649,735,8.618178926637617,minmaxnorm
156,Q0,WSJ900402-0018,736,8.611907874899334,minmaxnorm
156,Q0,AP890713-0208,737,8.593530863275404,minmaxnorm
156,Q0,WSJ870915-0115,738,8.568450611654937,minmaxnorm
156,Q0,FR89522-0016,739,8.548294273597612,minmaxnorm
156,Q0,AP880826-0191,740,8.536270608134272,minmaxnorm
156,Q0,FR89601-0017,741,8.525233453366335,minmaxnorm
156,Q0,FR89426-0010,742,8.520543423726203,minmaxnorm
156,Q0,WSJ870410-0160,743,8.51859838564566,minmaxnorm
156,Q0,WSJ881024-0117,744,8.516757867310131,minmaxnorm
156,Q0,AP881103-0266,745,8.496120263466407,minmaxnorm
156,Q0,WSJ871030-0066,746,8.463296838747738,minmaxnorm
156,Q0,WSJ880216-0177,747,8.451163970607011,minmaxnorm
156,Q0,WSJ880104-0104,748,8.418056576060405,minmaxnorm
156,Q0,AP881117-0014,749,8.417587483587662,minmaxnorm
156,Q0,AP890907-0083,750,8.399879965174906,minmaxnorm
156,Q0,WSJ861218-0172,751,8.39850254655151,minmaxnorm
156,Q0,AP891206-0029,752,8.396947587744009,minmaxnorm
156,Q0,AP880819-0191,753,8.368896192541893,minmaxnorm
156,Q0,AP891017-0033,754,8.360820776989046,minmaxnorm
156,Q0,ZF207-655-415,755,8.357490524620136,minmaxnorm
156,Q0,WSJ871218-0175,756,8.351643250538778,minmaxnorm
156,Q0,AP891012-0044,757,8.31841407263943,minmaxnorm
156,Q0,AP891226-0008,758,8.301987513825225,minmaxnorm
156,Q0,AP881121-0091,759,8.284503818876882,minmaxnorm
156,Q0,AP881020-0201,760,8.251010009542405,minmaxnorm
156,Q0,WSJ910812-0116,761,8.244664699464828,minmaxnorm
156,Q0,WSJ880831-0113,762,8.217146712768182,minmaxnorm
156,Q0,FR89309-0023,763,8.216619535769947,minmaxnorm
156,Q0,AP890222-0210,764,8.194847183472614,minmaxnorm
156,Q0,WSJ871215-0107,765,8.186260008312246,minmaxnorm
156,Q0,WSJ920305-0128,766,8.178982053023491,minmaxnorm
156,Q0,WSJ880715-0009,767,8.171459416947975,minmaxnorm
156,Q0,AP881008-0117,768,8.153629743962387,minmaxnorm
156,Q0,AP881206-0178,769,8.128499835402902,minmaxnorm
156,Q0,WSJ910801-0111,770,8.121164734791774,minmaxnorm
156,Q0,WSJ911127-0112,771,8.120150235279628,minmaxnorm
156,Q0,FR89417-0031,772,8.114152710664248,minmaxnorm
156,Q0,AP890228-0070,773,8.104738514469501,minmaxnorm
156,Q0,AP891030-0143,774,8.079997373398859,minmaxnorm
156,Q0,WSJ910522-0015,775,8.071399080854677,minmaxnorm
156,Q0,ZF207-286-644,776,8.066957511270157,minmaxnorm
156,Q0,AP890316-0135,777,8.057610895914483,minmaxnorm
156,Q0,AP881019-0117,778,8.027778923172134,minmaxnorm
156,Q0,AP890928-0069,779,8.02717271340961,minmaxnorm
156,Q0,WSJ870324-0048,780,7.997920872300284,minmaxnorm
156,Q0,AP880617-0108,781,7.979652360995469,minmaxnorm
156,Q0,WSJ910708-0013,782,7.9441167847633105,minmaxnorm
156,Q0,AP891024-0056,783,7.935696251560685,minmaxnorm
156,Q0,AP880720-0059,784,7.920727507257666,minmaxnorm
156,Q0,WSJ870327-0109,785,7.878361751804287,minmaxnorm
156,Q0,FR891120-0014,786,7.8696979046133055,minmaxnorm
156,Q0,WSJ871014-0036,787,7.868767818106777,minmaxnorm
156,Q0,AP880927-0173,788,7.85512692896746,minmaxnorm
156,Q0,WSJ880609-0015,789,7.853107994662467,minmaxnorm
156,Q0,AP881008-0076,790,7.849860186741937,minmaxnorm
156,Q0,FR88823-0007,791,7.844766949394937,minmaxnorm
156,Q0,DOE1-66-0698,792,7.8206911090268925,minmaxnorm
156,Q0,WSJ891025-0136,793,7.810633523331889,minmaxnorm
156,Q0,AP890918-0163,794,7.802560472631923,minmaxnorm
156,Q0,AP881105-0051,795,7.786867298198439,minmaxnorm
156,Q0,WSJ870624-0004,796,7.7679699963443465,minmaxnorm
156,Q0,AP890427-0117,797,7.765707547604901,minmaxnorm
156,Q0,WSJ910403-0081,798,7.760073190906123,minmaxnorm
156,Q0,FR88510-0134,799,7.756258262294054,minmaxnorm
156,Q0,AP881104-0212,800,7.7296486323757705,minmaxnorm
156,Q0,AP890720-0143,801,7.713725717975751,minmaxnorm
156,Q0,AP890621-0088,802,7.708131612406568,minmaxnorm
156,Q0,WSJ911022-0104,803,7.692236759100767,minmaxnorm
156,Q0,AP880727-0106,804,7.673236617232184,minmaxnorm
156,Q0,AP890718-0145,805,7.652682110821161,minmaxnorm
156,Q0,AP881119-0085,806,7.6348738882158536,minmaxnorm
156,Q0,ZF108-753-234,807,7.627816445843843,minmaxnorm
156,Q0,WSJ880209-0131,808,7.62299226513562,minmaxnorm
156,Q0,DOE1-64-0827,809,7.614175113907999,minmaxnorm
156,Q0,WSJ870710-0140,810,7.612503419935059,minmaxnorm
156,Q0,AP881105-0089,811,7.609305086645581,minmaxnorm
156,Q0,FR88902-0041,812,7.60607843220374,minmaxnorm
156,Q0,AP890501-0143,813,7.592182771562607,minmaxnorm
156,Q0,ZF108-655-636,814,7.570514871037682,minmaxnorm
156,Q0,ZF207-327-876,815,7.558792326132272,minmaxnorm
156,Q0,AP891024-0215,816,7.554059771104562,minmaxnorm
156,Q0,AP881109-0199,817,7.552566568989302,minmaxnorm
156,Q0,AP880725-0138,818,7.538865312662478,minmaxnorm
156,Q0,AP890617-0063,819,7.511703625972638,minmaxnorm
156,Q0,AP890918-0152,820,7.499831870302839,minmaxnorm
156,Q0,AP890314-0157,821,7.487167765130883,minmaxnorm
156,Q0,AP880803-0036,822,7.48332228369809,minmaxnorm
156,Q0,WSJ900607-0015,823,7.459024095914098,minmaxnorm
156,Q0,WSJ880112-0125,824,7.453956673743072,minmaxnorm
156,Q0,AP890322-0084,825,7.4169934431570255,minmaxnorm
156,Q0,FR891102-0028,826,7.411438276167422,minmaxnorm
156,Q0,AP880607-0238,827,7.402559149168006,minmaxnorm
156,Q0,WSJ870724-0146,828,7.390030121666206,minmaxnorm
156,Q0,WSJ871105-0134,829,7.387369016454508,minmaxnorm
156,Q0,WSJ900629-0008,830,7.3827290988058465,minmaxnorm
156,Q0,AP880901-0020,831,7.376426008239103,minmaxnorm
156,Q0,AP880825-0157,832,7.317738970828505,minmaxnorm
156,Q0,WSJ880316-0183,833,7.299083621929034,minmaxnorm
156,Q0,WSJ880818-0054,834,7.2758886915114775,minmaxnorm
156,Q0,WSJ871105-0129,835,7.267646408461022,minmaxnorm
156,Q0,AP881209-0123,836,7.267449232116974,minmaxnorm
156,Q0,AP881125-0005,837,7.2655994374504775,minmaxnorm
156,Q0,AP880315-0024,838,7.216679679953531,minmaxnorm
156,Q0,AP880415-0194,839,7.202177526212168,minmaxnorm
156,Q0,AP890825-0043,840,7.179074313407125,minmaxnorm
156,Q0,FR881118-0023,841,7.1788166411834755,minmaxnorm
156,Q0,AP890405-0192,842,7.172267623047491,minmaxnorm
156,Q0,AP880827-0019,843,7.16108595945375,minmaxnorm
156,Q0,WSJ880801-0109,844,7.160550102180574,minmaxnorm
156,Q0,AP890518-0168,845,7.142433308731705,minmaxnorm
156,Q0,WSJ910812-0067,846,7.117628395537611,minmaxnorm
156,Q0,WSJ871005-0136,847,7.105263376723801,minmaxnorm
156,Q0,ZF207-582-845,848,7.104127150877707,minmaxnorm
156,Q0,AP890628-0050,849,7.101875097561093,minmaxnorm
156,Q0,AP880914-0233,850,7.092359673342594,minmaxnorm
156,Q0,WSJ911025-0042,851,7.080264809069201,minmaxnorm
156,Q0,WSJ900905-0141,852,7.074698922685473,minmaxnorm
156,Q0,WSJ900730-0146,853,7.06978641756659,minmaxnorm
156,Q0,WSJ911018-0014,854,7.062650393236267,minmaxnorm
156,Q0,WSJ910905-0063,855,7.058228406725784,minmaxnorm
156,Q0,AP890703-0148,856,7.046353884502196,minmaxnorm
156,Q0,WSJ880308-0117,857,7.0378537574232105,minmaxnorm
156,Q0,AP880719-0207,858,7.0184814433589695,minmaxnorm
156,Q0,ZF208-317-787,859,7.013701247735814,minmaxnorm
156,Q0,WSJ910918-0129,860,7.005828866030697,minmaxnorm
156,Q0,WSJ891006-0147,861,6.973310150007796,minmaxnorm
156,Q0,ZF108-343-200,862,6.957757567418625,minmaxnorm
156,Q0,AP891207-0087,863,6.948814246193431,minmaxnorm
156,Q0,AP881123-0206,864,6.931025986652349,minmaxnorm
156,Q0,AP880812-0119,865,6.919406595437001,minmaxnorm
156,Q0,AP880827-0090,866,6.908184253437111,minmaxnorm
156,Q0,DOE1-05-1100,867,6.901610573202667,minmaxnorm
156,Q0,AP880729-0103,868,6.89829662570825,minmaxnorm
156,Q0,WSJ891017-0083,869,6.883425392255932,minmaxnorm
156,Q0,AP890912-0018,870,6.873701943031794,minmaxnorm
156,Q0,AP881020-0008,871,6.86433698856874,minmaxnorm
156,Q0,AP880315-0118,872,6.863529333123455,minmaxnorm
156,Q0,AP881011-0016,873,6.855997776592402,minmaxnorm
156,Q0,AP890728-0155,874,6.840546147857569,minmaxnorm
156,Q0,DOE1-45-1154,875,6.827160496237988,minmaxnorm
156,Q0,FR89803-0012,876,6.819141125839094,minmaxnorm
156,Q0,AP880504-0111,877,6.811097323692401,minmaxnorm
156,Q0,AP881103-0254,878,6.80815277214663,minmaxnorm
156,Q0,ZF207-759-651,879,6.801806938783904,minmaxnorm
156,Q0,AP880907-0103,880,6.798219669084819,minmaxnorm
156,Q0,AP880914-0028,881,6.792942115172913,minmaxnorm
156,Q0,AP890127-0140,882,6.784007661210581,minmaxnorm
156,Q0,AP890515-0066,883,6.774253724922167,minmaxnorm
156,Q0,AP890831-0118,884,6.728603963624258,minmaxnorm
156,Q0,WSJ890925-0111,885,6.7268857945567895,minmaxnorm
156,Q0,AP881005-0049,886,6.697134012194921,minmaxnorm
156,Q0,WSJ900518-0048,887,6.696651119405294,minmaxnorm
156,Q0,FR89426-0012,888,6.6436451775956815,minmaxnorm
156,Q0,AP890524-0099,889,6.638764322942604,minmaxnorm
156,Q0,WSJ910502-0191,890,6.629074710636285,minmaxnorm
156,Q0,ZF108-826-622,891,6.627623933536537,minmaxnorm
156,Q0,ZF108-248-834,892,6.610734308015912,minmaxnorm
156,Q0,DOE2-36-0224,893,6.601025168080731,minmaxnorm
156,Q0,AP891018-0142,894,6.575453102877131,minmaxnorm
156,Q0,AP890720-0079,895,6.547601990637299,minmaxnorm
156,Q0,ZF207-154-438,896,6.5458269954373804,minmaxnorm
156,Q0,WSJ920102-0135,897,6.535904324116951,minmaxnorm
156,Q0,WSJ870604-0120,898,6.517186113716303,minmaxnorm
156,Q0,ZF109-561-125,899,6.5061991895986315,minmaxnorm
156,Q0,AP880829-0081,900,6.488910066951319,minmaxnorm
156,Q0,WSJ900402-0021,901,6.475584111690872,minmaxnorm
156,Q0,AP880603-0023,902,6.468671876085477,minmaxnorm
156,Q0,WSJ861216-0022,903,6.460487360813588,minmaxnorm
156,Q0,WSJ911121-0088,904,6.45216692381915,minmaxnorm
156,Q0,WSJ881114-0160,905,6.439196199412928,minmaxnorm
156,Q0,WSJ900514-0094,906,6.434590713521088,minmaxnorm
156,Q0,AP890920-0103,907,6.429678411302202,minmaxnorm
156,Q0,FR88516-0044,908,6.407240392504553,minmaxnorm
156,Q0,AP880730-0040,909,6.402836947428908,minmaxnorm
156,Q0,AP881122-0172,910,6.397693344891383,minmaxnorm
156,Q0,AP880216-0175,911,6.397025266067371,minmaxnorm
156,Q0,ZF108-568-090,912,6.392931697136177,minmaxnorm
156,Q0,AP880513-0299,913,6.364421824114581,minmaxnorm
156,Q0,ZF109-696-107,914,6.341375573222201,minmaxnorm
156,Q0,WSJ910606-0061,915,6.339250443667093,minmaxnorm
156,Q0,DOE2-21-0338,916,6.336989095689328,minmaxnorm
156,Q0,AP880729-0133,917,6.309757369800587,minmaxnorm
156,Q0,WSJ870710-0097,918,6.289292542288644,minmaxnorm
156,Q0,ZF109-471-415,919,6.284239671357838,minmaxnorm
156,Q0,FR89426-0009,920,6.277256978472843,minmaxnorm
156,Q0,FR89501-0032,921,6.275765912580116,minmaxnorm
156,Q0,AP880420-0048,922,6.268595629162929,minmaxnorm
156,Q0,AP890718-0224,923,6.264109018435297,minmaxnorm
156,Q0,AP880917-0177,924,6.259899407904464,minmaxnorm
156,Q0,FR881121-0038,925,6.255473876132481,minmaxnorm
156,Q0,AP890104-0018,926,6.245274741982058,minmaxnorm
156,Q0,DOE1-65-1006,927,6.238099203228834,minmaxnorm
156,Q0,AP890711-0167,928,6.228595174997713,minmaxnorm
156,Q0,ZF108-335-718,929,6.21287020633497,minmaxnorm
156,Q0,AP881024-0146,930,6.211766777923119,minmaxnorm
156,Q0,AP881017-0102,931,6.211578600322001,minmaxnorm
156,Q0,AP880811-0157,932,6.204327205468744,minmaxnorm
156,Q0,DOE1-73-1129,933,6.201348809910216,minmaxnorm
156,Q0,WSJ871214-0079,934,6.194150945708243,minmaxnorm
156,Q0,ZF207-112-396,935,6.1781961347842715,minmaxnorm
156,Q0,AP890913-0112,936,6.170838110470467,minmaxnorm
156,Q0,AP880824-0103,937,6.156583327318903,minmaxnorm
156,Q0,AP880716-0006,938,6.15093511092224,minmaxnorm
156,Q0,AP890710-0191,939,6.1462519269132105,minmaxnorm
156,Q0,WSJ880707-0109,940,6.146124732538137,minmaxnorm
156,Q0,AP890307-0172,941,6.139866181464226,minmaxnorm
156,Q0,WSJ881018-0089,942,6.1314136110721975,minmaxnorm
156,Q0,WSJ910513-0084,943,6.107728582569976,minmaxnorm
156,Q0,WSJ880329-0042,944,6.089266277707147,minmaxnorm
156,Q0,DOE2-71-1229,945,6.068726555403518,minmaxnorm
156,Q0,AP890315-0177,946,6.067774858221444,minmaxnorm
156,Q0,DOE2-77-1098,947,6.063096613548139,minmaxnorm
156,Q0,ZF207-412-322,948,6.061906809247873,minmaxnorm
156,Q0,AP890603-0145,949,6.057605762192184,minmaxnorm
156,Q0,AP880719-0209,950,6.040057395905555,minmaxnorm
156,Q0,FR88511-0157,951,6.036144888760115,minmaxnorm
156,Q0,ZF109-645-945,952,6.030503031044065,minmaxnorm
156,Q0,AP881109-0095,953,6.009107279485726,minmaxnorm
156,Q0,FR88906-0023,954,6.000712810294574,minmaxnorm
156,Q0,AP880318-0232,955,6.000035887987309,minmaxnorm
156,Q0,AP891208-0016,956,5.998846124456909,minmaxnorm
156,Q0,AP890916-0010,957,5.996564786237996,minmaxnorm
156,Q0,AP881118-0018,958,5.988248827168489,minmaxnorm
156,Q0,AP880218-0137,959,5.9818399103301925,minmaxnorm
156,Q0,WSJ920205-0062,960,5.977612956851903,minmaxnorm
156,Q0,DOE1-82-0956,961,5.966022857232772,minmaxnorm
156,Q0,AP890728-0149,962,5.958495591343132,minmaxnorm
156,Q0,AP881030-0002,963,5.955522282941636,minmaxnorm
156,Q0,ZF207-623-023,964,5.9528365054523835,minmaxnorm
156,Q0,WSJ881025-0116,965,5.938840324120161,minmaxnorm
156,Q0,ZF207-058-354,966,5.936766404637078,minmaxnorm
156,Q0,WSJ900402-0176,967,5.922968654549208,minmaxnorm
156,Q0,AP890316-0001,968,5.919638261137282,minmaxnorm
156,Q0,FR89505-0012,969,5.9186172961759915,minmaxnorm
156,Q0,DOE1-09-0678,970,5.916627932350874,minmaxnorm
156,Q0,WSJ881110-0111,971,5.908451557997438,minmaxnorm
156,Q0,WSJ880531-0193,972,5.889868196139438,minmaxnorm
156,Q0,AP880901-0059,973,5.888668163999707,minmaxnorm
156,Q0,DOE2-21-0359,974,5.883344724876482,minmaxnorm
156,Q0,WSJ861211-0090,975,5.880667446591676,minmaxnorm
156,Q0,AP891216-0001,976,5.87375879553655,minmaxnorm
156,Q0,DOE1-73-0839,977,5.873310155016336,minmaxnorm
156,Q0,ZF207-114-682,978,5.867371313846302,minmaxnorm
156,Q0,AP891104-0080,979,5.865060718196328,minmaxnorm
156,Q0,AP880718-0189,980,5.85896282045093,minmaxnorm
156,Q0,FR89302-0020,981,5.8500591816797645,minmaxnorm
156,Q0,WSJ880331-0022,982,5.8493578913760995,minmaxnorm
156,Q0,WSJ870129-0152,983,5.848778264020115,minmaxnorm
156,Q0,ZF207-289-929,984,5.837850020591928,minmaxnorm
156,Q0,AP880525-0079,985,5.834004468999278,minmaxnorm
156,Q0,WSJ900627-0003,986,5.821092868062185,minmaxnorm
156,Q0,ZF207-456-282,987,5.820295407442728,minmaxnorm
156,Q0,AP881001-0016,988,5.81997092578755,minmaxnorm
156,Q0,AP881015-0142,989,5.815183599551634,minmaxnorm
156,Q0,FR88128-0054,990,5.810230325813824,minmaxnorm
156,Q0,AP891025-0042,991,5.805564800218004,minmaxnorm
156,Q0,WSJ861210-0140,992,5.79768302021794,minmaxnorm
156,Q0,ZF207-160-572,993,5.789718807661161,minmaxnorm
156,Q0,AP880928-0203,994,5.777896806335665,minmaxnorm
156,Q0,AP880219-0031,995,5.774453361025454,minmaxnorm
156,Q0,DOE1-41-0512,996,5.7611739907001365,minmaxnorm
156,Q0,AP890920-0101,997,5.742420330136989,minmaxnorm
156,Q0,AP880719-0142,998,5.715522350425561,minmaxnorm
156,Q0,ZF207-195-336,999,5.7102037059752035,minmaxnorm
156,Q0,FR881021-0017,1000,5.704352836148382,minmaxnorm
160,Q0,WSJ870424-0126,1,109.74648572075864,minmaxnorm
160,Q0,AP881003-0303,2,109.26573405447515,minmaxnorm
160,Q0,AP890302-0038,3,102.24098102969951,minmaxnorm
160,Q0,WSJ880527-0031,4,99.62759183239528,minmaxnorm
160,Q0,AP890817-0043,5,95.50853748172415,minmaxnorm
160,Q0,WSJ920122-0012,6,92.71184367921013,minmaxnorm
160,Q0,AP890302-0143,7,87.00544662772863,minmaxnorm
160,Q0,AP880617-0106,8,82.33286985648925,minmaxnorm
160,Q0,AP881114-0216,9,81.14949667158254,minmaxnorm
160,Q0,AP880630-0034,10,80.3028395306117,minmaxnorm
160,Q0,AP881202-0038,11,73.26004355088106,minmaxnorm
160,Q0,AP880622-0182,12,71.0609993290272,minmaxnorm
160,Q0,WSJ890814-0144,13,70.79113376156398,minmaxnorm
160,Q0,DOE1-28-0416,14,70.42077388962461,minmaxnorm
160,Q0,DOE1-58-0787,15,70.22835856172311,minmaxnorm
160,Q0,WSJ871015-0165,16,69.94911408315205,minmaxnorm
160,Q0,DOE1-06-1217,17,69.86409359046642,minmaxnorm
160,Q0,DOE1-10-0027,18,69.14219895855967,minmaxnorm
160,Q0,ZF207-782-342,19,68.17523778882395,minmaxnorm
160,Q0,AP881102-0041,20,67.51498340529385,minmaxnorm
160,Q0,AP880623-0031,21,66.5988397296906,minmaxnorm
160,Q0,AP891124-0026,22,66.59654595443827,minmaxnorm
160,Q0,WSJ880229-0077,23,66.57468894780646,minmaxnorm
160,Q0,AP890811-0192,24,65.20481089993336,minmaxnorm
160,Q0,AP880605-0032,25,63.96561965747592,minmaxnorm
160,Q0,DOE1-89-0266,26,63.44345666059691,minmaxnorm
160,Q0,WSJ881006-0143,27,62.4009191787807,minmaxnorm
160,Q0,WSJ890731-0090,28,62.39833364063931,minmaxnorm
160,Q0,AP880506-0068,29,61.72929876024583,minmaxnorm
160,Q0,WSJ900607-0144,30,61.15981568638811,minmaxnorm
160,Q0,AP881014-0056,31,60.07737442727114,minmaxnorm
160,Q0,DOE2-81-1180,32,59.36725629613653,minmaxnorm
160,Q0,AP880727-0143,33,59.11788798294043,minmaxnorm
160,Q0,DOE1-82-0645,34,58.874323807874696,minmaxnorm
160,Q0,WSJ880106-0061,35,57.84410349135299,minmaxnorm
160,Q0,WSJ871013-0121,36,57.23067145242184,minmaxnorm
160,Q0,DOE1-57-0646,37,57.22445844844322,minmaxnorm
160,Q0,WSJ900924-0091,38,56.79148418915402,minmaxnorm
160,Q0,AP880829-0228,39,56.68485514741805,minmaxnorm
160,Q0,ZF108-817-662,40,56.66246838530777,minmaxnorm
160,Q0,AP880727-0010,41,56.553029824961705,minmaxnorm
160,Q0,WSJ880225-0118,42,56.08239588545121,minmaxnorm
160,Q0,AP890911-0221,43,55.653223556411874,minmaxnorm
160,Q0,WSJ890907-0101,44,55.55666054395448,minmaxnorm
160,Q0,AP891023-0177,45,55.35726843951166,minmaxnorm
160,Q0,AP880302-0009,46,55.236984163789614,minmaxnorm
160,Q0,AP881105-0005,47,54.85537288580723,minmaxnorm
160,Q0,AP890523-0182,48,54.748351851672275,minmaxnorm
160,Q0,DOE2-21-0636,49,54.746510223294266,minmaxnorm
160,Q0,WSJ880203-0066,50,54.421459132319995,minmaxnorm
160,Q0,DOE2-65-0243,51,53.955318981267126,minmaxnorm
160,Q0,AP880824-0304,52,52.94377159618115,minmaxnorm
160,Q0,WSJ870320-0168,53,52.79171683864204,minmaxnorm
160,Q0,DOE2-63-0623,54,51.56175899168986,minmaxnorm
160,Q0,WSJ900730-0027,55,50.95840379646159,minmaxnorm
160,Q0,AP890302-0247,56,50.92866680197627,minmaxnorm
160,Q0,DOE1-39-0882,57,50.26904307653281,minmaxnorm
160,Q0,WSJ870511-0149,58,50.1443833279511,minmaxnorm
160,Q0,AP880318-0089,59,50.09196266927901,minmaxnorm
160,Q0,WSJ880830-0084,60,49.81781404993932,minmaxnorm
160,Q0,AP880613-0140,61,48.96154893720817,minmaxnorm
160,Q0,AP891026-0221,62,48.8515744069384,minmaxnorm
160,Q0,AP880616-0101,63,48.55185884810507,minmaxnorm
160,Q0,WSJ900627-0097,64,48.53921669359593,minmaxnorm
160,Q0,AP891024-0018,65,48.35512830991394,minmaxnorm
160,Q0,DOE2-66-0449,66,47.97704169673537,minmaxnorm
160,Q0,WSJ870130-0037,67,47.7366529905707,minmaxnorm
160,Q0,WSJ870424-0135,68,47.53928933252451,minmaxnorm
160,Q0,DOE2-50-0566,69,47.34721149206266,minmaxnorm
160,Q0,WSJ910415-0140,70,47.24612116464718,minmaxnorm
160,Q0,FR89808-0033,71,46.63593790509833,minmaxnorm
160,Q0,DOE1-88-0453,72,46.42781969119611,minmaxnorm
160,Q0,AP880706-0274,73,45.962091586405926,minmaxnorm
160,Q0,AP880915-0053,74,45.94293726815416,minmaxnorm
160,Q0,WSJ870717-0017,75,45.741652772573396,minmaxnorm
160,Q0,WSJ920131-0195,76,45.69330378215531,minmaxnorm
160,Q0,WSJ910220-0045,77,45.27833832601717,minmaxnorm
160,Q0,DOE1-56-0769,78,45.2238221759982,minmaxnorm
160,Q0,AP880503-0040,79,44.86228675120002,minmaxnorm
160,Q0,WSJ910916-0050,80,44.52122172381581,minmaxnorm
160,Q0,WSJ880829-0010,81,44.37081810607594,minmaxnorm
160,Q0,AP880623-0230,82,44.27441610050893,minmaxnorm
160,Q0,DOE1-03-0317,83,44.10668217087659,minmaxnorm
160,Q0,DOE1-89-0288,84,44.07912056297281,minmaxnorm
160,Q0,DOE1-06-1112,85,43.8134608358802,minmaxnorm
160,Q0,WSJ880713-0157,86,43.55978436042816,minmaxnorm
160,Q0,AP891226-0181,87,42.95499020533201,minmaxnorm
160,Q0,DOE1-30-0367,88,42.125368850257544,minmaxnorm
160,Q0,DOE1-33-0951,89,41.797604016362996,minmaxnorm
160,Q0,AP890102-0140,90,41.764784756952736,minmaxnorm
160,Q0,WSJ911106-0038,91,41.379324998885615,minmaxnorm
160,Q0,WSJ871201-0038,92,41.051430306802246,minmaxnorm
160,Q0,WSJ910930-0045,93,40.707503309737206,minmaxnorm
160,Q0,WSJ910419-0086,94,40.649248269398704,minmaxnorm
160,Q0,WSJ861203-0149,95,40.298753587980435,minmaxnorm
160,Q0,AP880601-0315,96,40.25414806300614,minmaxnorm
160,Q0,FR881107-0007,97,40.01688871813187,minmaxnorm
160,Q0,AP891202-0022,98,39.729520049715966,minmaxnorm
160,Q0,DOE1-57-0656,99,39.39569181335084,minmaxnorm
160,Q0,AP880418-0241,100,39.269869670234016,minmaxnorm
160,Q0,DOE1-80-1214,101,39.037271881096835,minmaxnorm
160,Q0,DOE1-54-0220,102,38.96808874364073,minmaxnorm
160,Q0,AP880222-0175,103,38.81832146262831,minmaxnorm
160,Q0,DOE2-26-1062,104,38.53781952987992,minmaxnorm
160,Q0,DOE2-55-0298,105,38.367960911213686,minmaxnorm
160,Q0,WSJ900711-0134,106,38.29852676557446,minmaxnorm
160,Q0,ZF109-661-721,107,37.94450653569512,minmaxnorm
160,Q0,AP890824-0206,108,37.41971553469054,minmaxnorm
160,Q0,DOE1-33-1070,109,37.23113278756249,minmaxnorm
160,Q0,WSJ900808-0012,110,36.95320596835884,minmaxnorm
160,Q0,FR89712-0123,111,36.58244620750303,minmaxnorm
160,Q0,WSJ881111-0081,112,36.420248957666516,minmaxnorm
160,Q0,DOE2-28-1056,113,35.917960669328245,minmaxnorm
160,Q0,AP890422-0012,114,35.8367144553964,minmaxnorm
160,Q0,DOE1-32-0542,115,35.77701716231994,minmaxnorm
160,Q0,WSJ880303-0009,116,35.6780216856876,minmaxnorm
160,Q0,DOE1-02-1086,117,35.63720857722829,minmaxnorm
160,Q0,WSJ880428-0072,118,35.469422357316816,minmaxnorm
160,Q0,DOE2-57-1129,119,35.166849115905876,minmaxnorm
160,Q0,DOE1-42-0671,120,34.91078253089,minmaxnorm
160,Q0,WSJ891024-0140,121,34.909061441707685,minmaxnorm
160,Q0,AP890412-0147,122,34.46170403359453,minmaxnorm
160,Q0,AP891024-0059,123,34.42237161670566,minmaxnorm
160,Q0,AP880214-0009,124,34.228044633063746,minmaxnorm
160,Q0,WSJ880614-0092,125,33.61108699195271,minmaxnorm
160,Q0,WSJ890816-0080,126,33.43310480210921,minmaxnorm
160,Q0,WSJ871105-0040,127,33.413788652996494,minmaxnorm
160,Q0,AP880926-0074,128,33.3575483276029,minmaxnorm
160,Q0,WSJ890824-0114,129,33.28370230021521,minmaxnorm
160,Q0,DOE1-28-0287,130,33.14987158088573,minmaxnorm
160,Q0,WSJ880324-0167,131,32.810165810433915,minmaxnorm
160,Q0,WSJ890824-0049,132,32.22366553444421,minmaxnorm
160,Q0,AP890414-0165,133,32.06469009351589,minmaxnorm
160,Q0,AP880927-0084,134,32.01854305030883,minmaxnorm
160,Q0,AP880615-0071,135,31.90176976991403,minmaxnorm
160,Q0,DOE1-28-0412,136,31.70749995862367,minmaxnorm
160,Q0,DOE1-05-0245,137,31.666441764209978,minmaxnorm
160,Q0,WSJ900521-0144,138,31.436300380744242,minmaxnorm
160,Q0,WSJ910529-0127,139,31.431492160900977,minmaxnorm
160,Q0,WSJ880726-0097,140,31.376189148392278,minmaxnorm
160,Q0,AP890821-0106,141,31.153430373239246,minmaxnorm
160,Q0,AP880523-0245,142,31.09558716829595,minmaxnorm
160,Q0,WSJ910304-0002,143,31.041821632736443,minmaxnorm
160,Q0,DOE1-59-1194,144,30.804758072133005,minmaxnorm
160,Q0,DOE1-95-1063,145,30.450879521599646,minmaxnorm
160,Q0,WSJ890908-0037,146,30.36965609675079,minmaxnorm
160,Q0,WSJ900726-0113,147,30.325805272130317,minmaxnorm
160,Q0,AP890312-0072,148,30.03605750921662,minmaxnorm
160,Q0,AP880505-0286,149,29.968299853463805,minmaxnorm
160,Q0,WSJ871215-0125,150,29.93431415541112,minmaxnorm
160,Q0,DOE1-33-0424,151,29.890210027393774,minmaxnorm
160,Q0,AP880512-0104,152,29.869377242101468,minmaxnorm
160,Q0,DOE1-29-0279,153,29.859640257245246,minmaxnorm
160,Q0,AP881110-0214,154,29.825515019768474,minmaxnorm
160,Q0,WSJ861209-0115,155,29.366400277074295,minmaxnorm
160,Q0,DOE1-33-0498,156,29.275469855941925,minmaxnorm
160,Q0,WSJ911002-0113,157,28.92475299591622,minmaxnorm
160,Q0,AP881008-0042,158,28.46452048715951,minmaxnorm
160,Q0,WSJ880125-0118,159,28.228525960080805,minmaxnorm
160,Q0,DOE1-59-1183,160,27.787372929373447,minmaxnorm
160,Q0,DOE1-80-0707,161,27.6454786471782,minmaxnorm
160,Q0,DOE2-28-0192,162,27.41466902078856,minmaxnorm
160,Q0,AP890524-0044,163,27.333609843920865,minmaxnorm
160,Q0,WSJ900608-0127,164,27.16025796130446,minmaxnorm
160,Q0,WSJ910507-0006,165,27.127302088801354,minmaxnorm
160,Q0,WSJ900426-0085,166,27.126773941208107,minmaxnorm
160,Q0,WSJ870415-0012,167,26.974404335474706,minmaxnorm
160,Q0,AP890830-0093,168,26.882917841445067,minmaxnorm
160,Q0,DOE2-32-0050,169,26.860277763612242,minmaxnorm
160,Q0,FR89821-0084,170,26.717426895890352,minmaxnorm
160,Q0,AP890403-0125,171,26.585162049812023,minmaxnorm
160,Q0,FR88812-0024,172,26.429826150078057,minmaxnorm
160,Q0,WSJ880201-0051,173,26.20367643559819,minmaxnorm
160,Q0,WSJ870518-0062,174,26.153313164815636,minmaxnorm
160,Q0,AP891227-0164,175,26.14190307851515,minmaxnorm
160,Q0,DOE1-29-0092,176,26.072909509359732,minmaxnorm
160,Q0,DOE2-42-0880,177,26.0303517367834,minmaxnorm
160,Q0,FR88815-0032,178,25.8998298779468,minmaxnorm
160,Q0,AP891201-0031,179,25.866813061688788,minmaxnorm
160,Q0,WSJ861223-0170,180,25.747672231063557,minmaxnorm
160,Q0,AP890424-0179,181,25.734376759805546,minmaxnorm
160,Q0,FR89501-0001,182,25.699721739491324,minmaxnorm
160,Q0,WSJ881102-0125,183,25.66102449566843,minmaxnorm
160,Q0,WSJ891010-0105,184,25.372575963524987,minmaxnorm
160,Q0,WSJ870121-0126,185,25.338900444265445,minmaxnorm
160,Q0,FR89502-0062,186,25.245752814322035,minmaxnorm
160,Q0,WSJ900806-0105,187,25.087731617119793,minmaxnorm
160,Q0,FR89216-0070,188,24.9694519181869,minmaxnorm
160,Q0,FR89106-0029,189,24.94141755962698,minmaxnorm
160,Q0,AP891127-0234,190,24.927228540126702,minmaxnorm
160,Q0,AP880331-0092,191,24.918257365486742,minmaxnorm
160,Q0,ZF207-344-647,192,24.911993185644363,minmaxnorm
160,Q0,AP890215-0166,193,24.906530306270824,minmaxnorm
160,Q0,WSJ880318-0188,194,24.857580381025546,minmaxnorm
160,Q0,WSJ911030-0142,195,24.77654499954165,minmaxnorm
160,Q0,FR88713-0090,196,24.747197187425638,minmaxnorm
160,Q0,AP891215-0004,197,24.741638564237125,minmaxnorm
160,Q0,DOE1-22-1407,198,24.676565714621585,minmaxnorm
160,Q0,AP880819-0075,199,24.606873055874754,minmaxnorm
160,Q0,AP891207-0197,200,24.465439073977088,minmaxnorm
160,Q0,AP890102-0137,201,24.434675213405644,minmaxnorm
160,Q0,AP890322-0082,202,24.408212438218406,minmaxnorm
160,Q0,WSJ890919-0136,203,24.37219568282815,minmaxnorm
160,Q0,AP890315-0259,204,24.363305450947994,minmaxnorm
160,Q0,DOE2-37-0002,205,24.231313269264348,minmaxnorm
160,Q0,WSJ881003-0193,206,24.1010149947973,minmaxnorm
160,Q0,DOE1-62-0275,207,24.008122822544713,minmaxnorm
160,Q0,AP880312-0096,208,23.97523499366333,minmaxnorm
160,Q0,WSJ870619-0126,209,23.83432870749184,minmaxnorm
160,Q0,DOE2-81-0593,210,23.7805133681173,minmaxnorm
160,Q0,WSJ871230-0085,211,23.705132308529677,minmaxnorm
160,Q0,FR881110-0097,212,23.614582226464286,minmaxnorm
160,Q0,WSJ910923-0185,213,23.44505697650541,minmaxnorm
160,Q0,DOE1-88-0805,214,23.38457890088933,minmaxnorm
160,Q0,AP880428-0212,215,23.35888884224324,minmaxnorm
160,Q0,DOE2-32-0629,216,23.088836526737285,minmaxnorm
160,Q0,WSJ900530-0141,217,22.9627037105186,minmaxnorm
160,Q0,WSJ871016-0003,218,22.860953103241965,minmaxnorm
160,Q0,AP890902-0131,219,22.658019149678836,minmaxnorm
160,Q0,FR89920-0034,220,22.5224233861195,minmaxnorm
160,Q0,WSJ900709-0066,221,22.49134035965604,minmaxnorm
160,Q0,AP890914-0021,222,22.421022139752665,minmaxnorm
160,Q0,DOE1-94-0984,223,22.357070806670087,minmaxnorm
160,Q0,DOE1-56-0004,224,22.34908568554043,minmaxnorm
160,Q0,DOE1-55-0391,225,22.32137590602844,minmaxnorm
160,Q0,FR89421-0114,226,22.310438902193223,minmaxnorm
160,Q0,AP890516-0037,227,22.254994819759652,minmaxnorm
160,Q0,AP890927-0078,228,22.25047707698722,minmaxnorm
160,Q0,WSJ870519-0147,229,22.208688547445607,minmaxnorm
160,Q0,DOE1-55-0409,230,22.19539515557386,minmaxnorm
160,Q0,DOE1-56-0058,231,22.16595788603779,minmaxnorm
160,Q0,DOE1-50-0839,232,22.129824000510954,minmaxnorm
160,Q0,DOE2-68-0365,233,21.995105213577997,minmaxnorm
160,Q0,AP890119-0059,234,21.9366046514729,minmaxnorm
160,Q0,AP891205-0185,235,21.68747390196452,minmaxnorm
160,Q0,AP880718-0233,236,21.599396194916544,minmaxnorm
160,Q0,DOE2-55-0931,237,21.55705735343423,minmaxnorm
160,Q0,DOE2-53-0797,238,21.430963094807115,minmaxnorm
160,Q0,WSJ880523-0143,239,21.430598597907995,minmaxnorm
160,Q0,WSJ880818-0060,240,21.419388054891815,minmaxnorm
160,Q0,WSJ870203-0110,241,21.417542164290257,minmaxnorm
160,Q0,WSJ911205-0021,242,21.33547284370624,minmaxnorm
160,Q0,ZF107-938-134,243,21.28136385359811,minmaxnorm
160,Q0,AP881201-0020,244,21.279950693007216,minmaxnorm
160,Q0,AP890120-0233,245,21.066219131122647,minmaxnorm
160,Q0,AP890418-0042,246,21.051438570980658,minmaxnorm
160,Q0,AP881015-0063,247,20.900100212688272,minmaxnorm
160,Q0,AP880915-0031,248,20.875630189437764,minmaxnorm
160,Q0,WSJ880908-0110,249,20.71787987689185,minmaxnorm
160,Q0,DOE2-16-1150,250,20.703308757935176,minmaxnorm
160,Q0,AP880315-0164,251,20.64661812349709,minmaxnorm
160,Q0,WSJ870116-0081,252,20.586521909303226,minmaxnorm
160,Q0,DOE2-47-1208,253,20.5399906470846,minmaxnorm
160,Q0,DOE1-57-0702,254,20.524647888360892,minmaxnorm
160,Q0,WSJ880727-0017,255,20.524383925495197,minmaxnorm
160,Q0,DOE1-01-0335,256,20.51869021058197,minmaxnorm
160,Q0,WSJ910503-0122,257,20.459082627418663,minmaxnorm
160,Q0,DOE2-30-0204,258,20.388444708035234,minmaxnorm
160,Q0,DOE2-16-1149,259,20.37004887600405,minmaxnorm
160,Q0,AP880923-0039,260,20.295603941847062,minmaxnorm
160,Q0,DOE1-18-0212,261,20.282241576441688,minmaxnorm
160,Q0,AP891124-0174,262,20.275843015889404,minmaxnorm
160,Q0,WSJ880922-0143,263,20.241131426176555,minmaxnorm
160,Q0,DOE1-76-0937,264,20.14869242244266,minmaxnorm
160,Q0,DOE2-16-0119,265,19.985866272087147,minmaxnorm
160,Q0,DOE2-21-0596,266,19.969347477180523,minmaxnorm
160,Q0,DOE1-52-0713,267,19.962240776949297,minmaxnorm
160,Q0,WSJ900717-0157,268,19.842421901351987,minmaxnorm
160,Q0,AP880609-0256,269,19.78014587455428,minmaxnorm
160,Q0,WSJ920309-0048,270,19.723034194057583,minmaxnorm
160,Q0,WSJ900904-0008,271,19.694405830631315,minmaxnorm
160,Q0,FR891107-0055,272,19.627624108802305,minmaxnorm
160,Q0,DOE1-61-0498,273,19.58858624449335,minmaxnorm
160,Q0,AP890716-0034,274,19.56090525271153,minmaxnorm
160,Q0,DOE1-48-0030,275,19.417344094983253,minmaxnorm
160,Q0,AP881102-0002,276,19.32102748992751,minmaxnorm
160,Q0,DOE1-60-0041,277,19.303526682521987,minmaxnorm
160,Q0,FR89712-0121,278,19.182905346020146,minmaxnorm
160,Q0,FR88929-0018,279,19.131034783441898,minmaxnorm
160,Q0,WSJ900912-0008,280,19.129539427869982,minmaxnorm
160,Q0,ZF107-913-196,281,19.09832946630592,minmaxnorm
160,Q0,AP890911-0222,282,19.085428976638664,minmaxnorm
160,Q0,WSJ920316-0160,283,18.998555699387246,minmaxnorm
160,Q0,WSJ910516-0166,284,18.982715833987044,minmaxnorm
160,Q0,FR89522-0076,285,18.94409414784568,minmaxnorm
160,Q0,DOE1-91-0396,286,18.906162490276618,minmaxnorm
160,Q0,DOE2-66-0351,287,18.90257512357157,minmaxnorm
160,Q0,ZF207-059-138,288,18.899354773088486,minmaxnorm
160,Q0,AP890821-0203,289,18.887410109249345,minmaxnorm
160,Q0,FR88818-0053,290,18.825504907870155,minmaxnorm
160,Q0,DOE2-15-0614,291,18.788556531089927,minmaxnorm
160,Q0,AP880223-0008,292,18.780247957077947,minmaxnorm
160,Q0,AP890120-0021,293,18.640345701932784,minmaxnorm
160,Q0,DOE2-12-1012,294,18.6328128651516,minmaxnorm
160,Q0,AP890707-0072,295,18.5825115585863,minmaxnorm
160,Q0,WSJ880721-0026,296,18.542333216854903,minmaxnorm
160,Q0,AP890327-0216,297,18.513025555526784,minmaxnorm
160,Q0,AP880520-0027,298,18.510803380563747,minmaxnorm
160,Q0,AP881216-0199,299,18.506261575358113,minmaxnorm
160,Q0,AP880412-0114,300,18.44451005581935,minmaxnorm
160,Q0,AP881102-0244,301,18.362868920553264,minmaxnorm
160,Q0,AP880822-0238,302,18.344846918332408,minmaxnorm
160,Q0,DOE2-31-0051,303,18.29007929931586,minmaxnorm
160,Q0,DOE2-65-1232,304,18.28727424011683,minmaxnorm
160,Q0,WSJ870831-0137,305,18.239382987085836,minmaxnorm
160,Q0,FR89721-0042,306,18.223449533619135,minmaxnorm
160,Q0,AP881005-0158,307,18.209198838657446,minmaxnorm
160,Q0,WSJ880310-0092,308,18.153491069759742,minmaxnorm
160,Q0,WSJ870423-0170,309,18.106908050570297,minmaxnorm
160,Q0,DOE1-85-0817,310,18.09456966374362,minmaxnorm
160,Q0,WSJ900418-0110,311,18.033744439295084,minmaxnorm
160,Q0,WSJ920127-0005,312,18.0076513638882,minmaxnorm
160,Q0,WSJ900522-0123,313,17.996097400051582,minmaxnorm
160,Q0,AP881006-0108,314,17.935191162027444,minmaxnorm
160,Q0,DOE2-70-0619,315,17.86507647413564,minmaxnorm
160,Q0,DOE2-35-0883,316,17.848404732420445,minmaxnorm
160,Q0,WSJ880622-0026,317,17.828214789834757,minmaxnorm
160,Q0,WSJ920323-0146,318,17.80343077080095,minmaxnorm
160,Q0,DOE2-70-0463,319,17.78715079349831,minmaxnorm
160,Q0,DOE1-66-0110,320,17.785157235759556,minmaxnorm
160,Q0,AP890521-0018,321,17.74201813751094,minmaxnorm
160,Q0,DOE1-19-0970,322,17.724716522956545,minmaxnorm
160,Q0,DOE2-68-0367,323,17.671096645581702,minmaxnorm
160,Q0,DOE2-44-1203,324,17.653717108156567,minmaxnorm
160,Q0,FR89126-0019,325,17.633614032734286,minmaxnorm
160,Q0,WSJ880419-0078,326,17.61017473466748,minmaxnorm
160,Q0,DOE2-28-0191,327,17.592054654686436,minmaxnorm
160,Q0,FR88801-0080,328,17.564436656293775,minmaxnorm
160,Q0,WSJ870224-0010,329,17.524854367312628,minmaxnorm
160,Q0,WSJ890920-0059,330,17.45812740625424,minmaxnorm
160,Q0,FR881208-0006,331,17.400960060435295,minmaxnorm
160,Q0,DOE2-40-1129,332,17.32878605844157,minmaxnorm
160,Q0,WSJ861229-0001,333,17.312839425132566,minmaxnorm
160,Q0,DOE2-13-0713,334,17.285253332973173,minmaxnorm
160,Q0,DOE1-11-0781,335,17.275257054522967,minmaxnorm
160,Q0,AP880626-0037,336,17.26631309225518,minmaxnorm
160,Q0,WSJ910118-0134,337,17.200359953471622,minmaxnorm
160,Q0,DOE2-13-0181,338,17.182090179330423,minmaxnorm
160,Q0,WSJ911121-0094,339,17.1021887858784,minmaxnorm
160,Q0,AP890424-0239,340,17.10075866501427,minmaxnorm
160,Q0,AP890617-0083,341,17.09596893155782,minmaxnorm
160,Q0,FR89224-0043,342,17.03594283823925,minmaxnorm
160,Q0,AP890524-0197,343,17.007842348255366,minmaxnorm
160,Q0,FR89224-0158,344,16.978472024752303,minmaxnorm
160,Q0,FR891120-0062,345,16.880742695679082,minmaxnorm
160,Q0,DOE2-79-0317,346,16.870048898864916,minmaxnorm
160,Q0,AP880829-0230,347,16.860940329635817,minmaxnorm
160,Q0,DOE2-28-0250,348,16.725219920158615,minmaxnorm
160,Q0,AP881028-0268,349,16.713256470683653,minmaxnorm
160,Q0,DOE1-01-0676,350,16.68135821276282,minmaxnorm
160,Q0,AP891129-0180,351,16.644111777037363,minmaxnorm
160,Q0,WSJ900703-0087,352,16.584974278410154,minmaxnorm
160,Q0,DOE2-21-0939,353,16.56388865893605,minmaxnorm
160,Q0,AP890818-0087,354,16.550409713227346,minmaxnorm
160,Q0,AP891116-0038,355,16.481290768461992,minmaxnorm
160,Q0,FR88127-0032,356,16.473022939067388,minmaxnorm
160,Q0,DOE1-74-0523,357,16.412338724287718,minmaxnorm
160,Q0,DOE2-59-0469,358,16.40662539358299,minmaxnorm
160,Q0,AP890208-0153,359,16.392768309318257,minmaxnorm
160,Q0,DOE2-13-0439,360,16.389795196465844,minmaxnorm
160,Q0,AP890403-0119,361,16.371968449438036,minmaxnorm
160,Q0,DOE1-45-0891,362,16.317731231546826,minmaxnorm
160,Q0,AP891001-0004,363,16.309502054165204,minmaxnorm
160,Q0,ZF207-239-479,364,16.2678488157813,minmaxnorm
160,Q0,DOE2-57-1378,365,16.138521989892222,minmaxnorm
160,Q0,DOE1-33-0499,366,16.12018763218786,minmaxnorm
160,Q0,FR89106-0001,367,16.062962837471204,minmaxnorm
160,Q0,AP880729-0064,368,16.01810228729604,minmaxnorm
160,Q0,AP881021-0040,369,15.967921653465872,minmaxnorm
160,Q0,FR89206-0035,370,15.916392162963716,minmaxnorm
160,Q0,WSJ870424-0104,371,15.806352735415931,minmaxnorm
160,Q0,AP880331-0042,372,15.621526800633552,minmaxnorm
160,Q0,FR881025-0096,373,15.619747837770998,minmaxnorm
160,Q0,WSJ880718-0081,374,15.606952693928953,minmaxnorm
160,Q0,DOE1-30-0343,375,15.559510349233484,minmaxnorm
160,Q0,DOE2-03-0754,376,15.512925742836607,minmaxnorm
160,Q0,FR89626-0092,377,15.512266496524035,minmaxnorm
160,Q0,WSJ870112-0024,378,15.505089464025057,minmaxnorm
160,Q0,WSJ920117-0002,379,15.463011377624634,minmaxnorm
160,Q0,DOE1-94-0755,380,15.411568839932501,minmaxnorm
160,Q0,AP890420-0028,381,15.378511161876512,minmaxnorm
160,Q0,WSJ900511-0168,382,15.300168372654724,minmaxnorm
160,Q0,DOE2-44-1039,383,15.300019986894386,minmaxnorm
160,Q0,FR89330-0001,384,15.286559646906722,minmaxnorm
160,Q0,WSJ911106-0017,385,15.224383718511772,minmaxnorm
160,Q0,AP880330-0262,386,15.224213830719423,minmaxnorm
160,Q0,WSJ911114-0143,387,15.157464457075358,minmaxnorm
160,Q0,WSJ910618-0118,388,15.136068956838775,minmaxnorm
160,Q0,DOE2-40-0873,389,15.104668911211895,minmaxnorm
160,Q0,ZF109-460-129,390,15.076691704197302,minmaxnorm
160,Q0,AP890207-0156,391,15.052880943025734,minmaxnorm
160,Q0,DOE2-78-0332,392,15.046460426281833,minmaxnorm
160,Q0,AP890208-0102,393,14.961523938386863,minmaxnorm
160,Q0,FR88513-0106,394,14.912380345172194,minmaxnorm
160,Q0,DOE2-17-0387,395,14.901733714436643,minmaxnorm
160,Q0,DOE1-65-0234,396,14.877522258428103,minmaxnorm
160,Q0,DOE1-33-0509,397,14.829490097846167,minmaxnorm
160,Q0,DOE2-76-0111,398,14.821585551928269,minmaxnorm
160,Q0,DOE1-01-0615,399,14.82128470987077,minmaxnorm
160,Q0,DOE1-25-0498,400,14.813006058067051,minmaxnorm
160,Q0,DOE2-76-0186,401,14.77801902430707,minmaxnorm
160,Q0,WSJ910107-0076,402,14.771444416738385,minmaxnorm
160,Q0,DOE2-03-1016,403,14.748684509574906,minmaxnorm
160,Q0,DOE2-29-0824,404,14.741397201100948,minmaxnorm
160,Q0,AP891102-0036,405,14.735570814333995,minmaxnorm
160,Q0,WSJ880122-0169,406,14.679685439004075,minmaxnorm
160,Q0,FR891004-0074,407,14.619434350790717,minmaxnorm
160,Q0,AP880425-0223,408,14.607847446752919,minmaxnorm
160,Q0,AP881022-0012,409,14.558135808194557,minmaxnorm
160,Q0,DOE2-57-1375,410,14.546712036606394,minmaxnorm
160,Q0,DOE2-08-0018,411,14.52863054635208,minmaxnorm
160,Q0,FR89224-0045,412,14.513635938482599,minmaxnorm
160,Q0,WSJ920116-0165,413,14.487422817680745,minmaxnorm
160,Q0,WSJ870217-0092,414,14.486499659381208,minmaxnorm
160,Q0,AP881017-0017,415,14.48160628949247,minmaxnorm
160,Q0,WSJ890918-0133,416,14.429346269049692,minmaxnorm
160,Q0,DOE1-82-0740,417,14.428350970243997,minmaxnorm
160,Q0,DOE1-15-1065,418,14.424756789149537,minmaxnorm
160,Q0,WSJ871111-0074,419,14.387279787946031,minmaxnorm
160,Q0,WSJ920225-0057,420,14.36959556027807,minmaxnorm
160,Q0,WSJ911211-0059,421,14.36455786561114,minmaxnorm
160,Q0,WSJ880127-0061,422,14.339334126250701,minmaxnorm
160,Q0,FR881014-0067,423,14.283262755333245,minmaxnorm
160,Q0,DOE1-57-0700,424,14.253188159192096,minmaxnorm
160,Q0,DOE1-39-1338,425,14.196372655459747,minmaxnorm
160,Q0,DOE1-52-0705,426,14.185530869278516,minmaxnorm
160,Q0,WSJ900725-0151,427,14.141955663945968,minmaxnorm
160,Q0,DOE1-69-0455,428,14.10340312537131,minmaxnorm
160,Q0,FR89804-0004,429,14.038353954886425,minmaxnorm
160,Q0,WSJ910201-0122,430,13.985364614005295,minmaxnorm
160,Q0,WSJ900921-0119,431,13.97990396670558,minmaxnorm
160,Q0,DOE2-58-0866,432,13.974626552396991,minmaxnorm
160,Q0,WSJ910821-0092,433,13.964267363700321,minmaxnorm
160,Q0,WSJ871029-0098,434,13.9506369379567,minmaxnorm
160,Q0,AP890721-0085,435,13.931707233268222,minmaxnorm
160,Q0,AP880525-0342,436,13.929825129584637,minmaxnorm
160,Q0,AP881229-0002,437,13.928949767440702,minmaxnorm
160,Q0,AP881206-0023,438,13.889961239055356,minmaxnorm
160,Q0,ZF108-275-524,439,13.859272869025093,minmaxnorm
160,Q0,WSJ871112-0148,440,13.851127078758761,minmaxnorm
160,Q0,FR89524-0056,441,13.812931984501116,minmaxnorm
160,Q0,DOE2-21-0068,442,13.769096275358606,minmaxnorm
160,Q0,AP890802-0123,443,13.725267083640702,minmaxnorm
160,Q0,DOE1-69-0118,444,13.711796833608844,minmaxnorm
160,Q0,WSJ910705-0088,445,13.69713375339594,minmaxnorm
160,Q0,FR89221-0084,446,13.690206114152527,minmaxnorm
160,Q0,WSJ870424-0137,447,13.609743499460643,minmaxnorm
160,Q0,WSJ890908-0091,448,13.58833446529615,minmaxnorm
160,Q0,WSJ900711-0060,449,13.54963526354652,minmaxnorm
160,Q0,WSJ900713-0070,450,13.480268809864352,minmaxnorm
160,Q0,FR891027-0076,451,13.445222542284545,minmaxnorm
160,Q0,DOE2-74-0147,452,13.444603747777471,minmaxnorm
160,Q0,AP880603-0015,453,13.440763469868621,minmaxnorm
160,Q0,AP881221-0076,454,13.431792880363187,minmaxnorm
160,Q0,WSJ911120-0118,455,13.429197630283014,minmaxnorm
160,Q0,WSJ870529-0005,456,13.398560693948262,minmaxnorm
160,Q0,WSJ880829-0069,457,13.398198367819864,minmaxnorm
160,Q0,AP880602-0168,458,13.37666866396182,minmaxnorm
160,Q0,WSJ880615-0028,459,13.349752806037817,minmaxnorm
160,Q0,DOE1-49-0714,460,13.321028999589311,minmaxnorm
160,Q0,AP890419-0104,461,13.316119225254045,minmaxnorm
160,Q0,WSJ880425-0115,462,13.305905906691802,minmaxnorm
160,Q0,AP890708-0011,463,13.288889391807475,minmaxnorm
160,Q0,DOE1-21-0988,464,13.268300753614524,minmaxnorm
160,Q0,AP880226-0072,465,13.264896501333126,minmaxnorm
160,Q0,DOE1-39-0550,466,13.255856877440543,minmaxnorm
160,Q0,WSJ880826-0098,467,13.24423775195565,minmaxnorm
160,Q0,AP890203-0124,468,13.236647389136612,minmaxnorm
160,Q0,AP890223-0208,469,13.216024804332,minmaxnorm
160,Q0,AP890409-0020,470,13.188452026528532,minmaxnorm
160,Q0,DOE1-45-1087,471,13.155874721546764,minmaxnorm
160,Q0,DOE1-45-1088,472,13.143483514921728,minmaxnorm
160,Q0,WSJ900601-0104,473,13.100631410613891,minmaxnorm
160,Q0,AP880523-0246,474,13.073103615445055,minmaxnorm
160,Q0,DOE2-61-0222,475,13.039343085418386,minmaxnorm
160,Q0,WSJ870831-0073,476,13.017948613474315,minmaxnorm
160,Q0,FR88615-0087,477,12.984923455159857,minmaxnorm
160,Q0,WSJ900424-0064,478,12.95450002182962,minmaxnorm
160,Q0,AP880826-0119,479,12.943583707646692,minmaxnorm
160,Q0,AP890503-0100,480,12.876990188125891,minmaxnorm
160,Q0,AP880301-0213,481,12.79358109039556,minmaxnorm
160,Q0,ZF108-407-356,482,12.77934610620191,minmaxnorm
160,Q0,DOE1-55-0120,483,12.7552184259288,minmaxnorm
160,Q0,ZF208-128-206,484,12.739575426138828,minmaxnorm
160,Q0,AP880314-0101,485,12.730020015435148,minmaxnorm
160,Q0,DOE1-80-0704,486,12.727395472409407,minmaxnorm
160,Q0,WSJ890818-0066,487,12.708270153130341,minmaxnorm
160,Q0,DOE2-32-0421,488,12.70710811479649,minmaxnorm
160,Q0,AP880725-0123,489,12.705792002636624,minmaxnorm
160,Q0,DOE2-44-1231,490,12.656968091887528,minmaxnorm
160,Q0,WSJ910403-0155,491,12.655599958777037,minmaxnorm
160,Q0,WSJ910716-0046,492,12.648661066827456,minmaxnorm
160,Q0,FR88727-0079,493,12.61872903178655,minmaxnorm
160,Q0,DOE1-36-0508,494,12.617534157769672,minmaxnorm
160,Q0,AP890911-0223,495,12.396889394066191,minmaxnorm
160,Q0,FR88824-0034,496,12.389066035455192,minmaxnorm
160,Q0,DOE2-47-0826,497,12.381981294374931,minmaxnorm
160,Q0,AP881117-0083,498,12.350044159441227,minmaxnorm
160,Q0,DOE2-19-1040,499,12.329755043228449,minmaxnorm
160,Q0,WSJ880829-0058,500,12.316953783041594,minmaxnorm
160,Q0,AP880725-0160,501,12.30773049745908,minmaxnorm
160,Q0,DOE1-57-0746,502,12.233643965109218,minmaxnorm
160,Q0,WSJ871005-0099,503,12.163583948187107,minmaxnorm
160,Q0,WSJ870424-0119,504,12.111497071624228,minmaxnorm
160,Q0,WSJ910531-0091,505,12.100824842872072,minmaxnorm
160,Q0,DOE2-40-0844,506,12.100194788524098,minmaxnorm
160,Q0,WSJ910603-0066,507,12.086433451398586,minmaxnorm
160,Q0,FR89327-0031,508,12.08001010632164,minmaxnorm
160,Q0,DOE2-44-0991,509,12.077287898920044,minmaxnorm
160,Q0,DOE1-92-0056,510,12.070034633278935,minmaxnorm
160,Q0,WSJ910226-0107,511,12.065450711392133,minmaxnorm
160,Q0,AP890815-0174,512,12.056911049504443,minmaxnorm
160,Q0,WSJ920120-0108,513,11.992507059894912,minmaxnorm
160,Q0,WSJ911021-0167,514,11.977018941447493,minmaxnorm
160,Q0,FR89315-0086,515,11.929623546815694,minmaxnorm
160,Q0,DOE1-64-0516,516,11.907080078963874,minmaxnorm
160,Q0,AP891012-0092,517,11.896954503655802,minmaxnorm
160,Q0,DOE1-42-0335,518,11.894178144691576,minmaxnorm
160,Q0,AP880812-0092,519,11.887315418037879,minmaxnorm
160,Q0,AP891101-0081,520,11.887173593938412,minmaxnorm
160,Q0,WSJ910215-0065,521,11.88539023206858,minmaxnorm
160,Q0,DOE1-15-1080,522,11.826181525568511,minmaxnorm
160,Q0,AP880826-0203,523,11.82544954049343,minmaxnorm
160,Q0,AP880623-0021,524,11.814149561886895,minmaxnorm
160,Q0,FR88602-0055,525,11.80242495006454,minmaxnorm
160,Q0,WSJ880128-0006,526,11.792781866727232,minmaxnorm
160,Q0,WSJ920227-0157,527,11.761730859947745,minmaxnorm
160,Q0,DOE1-04-1259,528,11.73953615244858,minmaxnorm
160,Q0,DOE1-24-1095,529,11.720067863062294,minmaxnorm
160,Q0,ZF207-168-248,530,11.687918035975468,minmaxnorm
160,Q0,AP890403-0035,531,11.683933927852646,minmaxnorm
160,Q0,DOE1-57-0634,532,11.646526798771443,minmaxnorm
160,Q0,AP891103-0037,533,11.634535378584358,minmaxnorm
160,Q0,DOE1-33-0978,534,11.603008782789903,minmaxnorm
160,Q0,AP880718-0229,535,11.598941097081239,minmaxnorm
160,Q0,AP881222-0045,536,11.590726527188263,minmaxnorm
160,Q0,AP880910-0189,537,11.590685220077601,minmaxnorm
160,Q0,WSJ890731-0073,538,11.588369052525133,minmaxnorm
160,Q0,FR88506-0111,539,11.560880090095916,minmaxnorm
160,Q0,WSJ890830-0115,540,11.557325114953013,minmaxnorm
160,Q0,WSJ890912-0051,541,11.536479966959122,minmaxnorm
160,Q0,WSJ911024-0091,542,11.524136021561098,minmaxnorm
160,Q0,DOE1-29-0400,543,11.495167873139124,minmaxnorm
160,Q0,AP890403-0124,544,11.471636096012315,minmaxnorm
160,Q0,AP880927-0132,545,11.392182978159163,minmaxnorm
160,Q0,AP890413-0070,546,11.385360787847164,minmaxnorm
160,Q0,WSJ910327-0083,547,11.328292553517153,minmaxnorm
160,Q0,FR881024-0095,548,11.221061680252028,minmaxnorm
160,Q0,WSJ870618-0076,549,11.18163609272501,minmaxnorm
160,Q0,AP880822-0241,550,11.153617211707596,minmaxnorm
160,Q0,FR89918-0070,551,11.140366444383817,minmaxnorm
160,Q0,ZF207-281-548,552,11.079962188970118,minmaxnorm
160,Q0,AP880601-0218,553,11.053541950829743,minmaxnorm
160,Q0,DOE2-80-0190,554,11.027005403663058,minmaxnorm
160,Q0,FR89511-0068,555,11.022144570176042,minmaxnorm
160,Q0,FR89920-0091,556,11.002311011997838,minmaxnorm
160,Q0,ZF207-298-027,557,10.997797438373613,minmaxnorm
160,Q0,AP890717-0012,558,10.950766124654354,minmaxnorm
160,Q0,WSJ920305-0173,559,10.945180896727917,minmaxnorm
160,Q0,AP890821-0205,560,10.862672215469297,minmaxnorm
160,Q0,FR88927-0092,561,10.852895063088518,minmaxnorm
160,Q0,DOE1-05-0708,562,10.82304201522395,minmaxnorm
160,Q0,ZF108-577-050,563,10.809866581472345,minmaxnorm
160,Q0,AP890626-0025,564,10.793762379604877,minmaxnorm
160,Q0,AP891019-0274,565,10.747808430231041,minmaxnorm
160,Q0,DOE2-09-0622,566,10.73781263389423,minmaxnorm
160,Q0,DOE2-04-0744,567,10.72357936707291,minmaxnorm
160,Q0,WSJ880307-0048,568,10.686183441625346,minmaxnorm
160,Q0,AP880516-0274,569,10.684573942904589,minmaxnorm
160,Q0,WSJ891017-0064,570,10.673922731714926,minmaxnorm
160,Q0,AP891030-0250,571,10.627072304324237,minmaxnorm
160,Q0,AP890612-0226,572,10.61747737308463,minmaxnorm
160,Q0,DOE1-39-0883,573,10.59479075489577,minmaxnorm
160,Q0,AP880505-0015,574,10.594152369509374,minmaxnorm
160,Q0,WSJ910719-0151,575,10.593733643966628,minmaxnorm
160,Q0,DOE1-59-1013,576,10.565432135254387,minmaxnorm
160,Q0,DOE1-20-0883,577,10.551578967319196,minmaxnorm
160,Q0,AP880627-0015,578,10.55037200689376,minmaxnorm
160,Q0,AP880504-0165,579,10.541865376721969,minmaxnorm
160,Q0,DOE2-40-0722,580,10.511650362780745,minmaxnorm
160,Q0,AP890104-0094,581,10.507431043343335,minmaxnorm
160,Q0,WSJ900914-0175,582,10.504348575427718,minmaxnorm
160,Q0,DOE2-12-0901,583,10.474683584419353,minmaxnorm
160,Q0,DOE1-19-0984,584,10.474204251188414,minmaxnorm
160,Q0,WSJ910613-0165,585,10.468796269719574,minmaxnorm
160,Q0,AP890925-0029,586,10.449524340022982,minmaxnorm
160,Q0,FR89620-0103,587,10.440611748432294,minmaxnorm
160,Q0,WSJ880601-0020,588,10.42441435587587,minmaxnorm
160,Q0,AP880324-0171,589,10.350635252800936,minmaxnorm
160,Q0,AP890602-0219,590,10.314231896575691,minmaxnorm
160,Q0,WSJ881117-0091,591,10.299883429182485,minmaxnorm
160,Q0,WSJ920305-0137,592,10.298995332674544,minmaxnorm
160,Q0,ZF109-715-173,593,10.251930151185928,minmaxnorm
160,Q0,DOE2-21-0813,594,10.250501255799396,minmaxnorm
160,Q0,AP880219-0085,595,10.23497346724857,minmaxnorm
160,Q0,DOE1-64-0352,596,10.233734651879484,minmaxnorm
160,Q0,DOE2-05-0144,597,10.231040222633508,minmaxnorm
160,Q0,AP881102-0191,598,10.219013511930575,minmaxnorm
160,Q0,AP880315-0013,599,10.20766593361975,minmaxnorm
160,Q0,WSJ910826-0110,600,10.203848635637645,minmaxnorm
160,Q0,FR88615-0094,601,10.201135880069794,minmaxnorm
160,Q0,DOE1-56-0246,602,10.198544413664504,minmaxnorm
160,Q0,AP890127-0252,603,10.165666251687274,minmaxnorm
160,Q0,WSJ890828-0145,604,10.162267746669203,minmaxnorm
160,Q0,FR89731-0053,605,10.155546458257055,minmaxnorm
160,Q0,DOE1-43-0726,606,10.141368216245663,minmaxnorm
160,Q0,AP890824-0047,607,10.111941158013193,minmaxnorm
160,Q0,FR89815-0090,608,10.110678104514832,minmaxnorm
160,Q0,WSJ881013-0086,609,10.0688977297919,minmaxnorm
160,Q0,AP891115-0146,610,10.058919730692175,minmaxnorm
160,Q0,AP890213-0079,611,10.044737903169262,minmaxnorm
160,Q0,WSJ910220-0049,612,10.009484472271035,minmaxnorm
160,Q0,FR88825-0075,613,9.989671257846476,minmaxnorm
160,Q0,DOE1-37-0822,614,9.988158832808933,minmaxnorm
160,Q0,FR89623-0122,615,9.963918452123941,minmaxnorm
160,Q0,ZF108-823-638,616,9.911614399982968,minmaxnorm
160,Q0,ZF109-569-031,617,9.89435473370712,minmaxnorm
160,Q0,ZF108-065-870,618,9.89314209307609,minmaxnorm
160,Q0,WSJ900514-0129,619,9.85266563220089,minmaxnorm
160,Q0,WSJ880427-0118,620,9.850624340935983,minmaxnorm
160,Q0,FR881102-0055,621,9.82390433845377,minmaxnorm
160,Q0,AP890801-0186,622,9.819267499593167,minmaxnorm
160,Q0,WSJ871203-0054,623,9.80601328601589,minmaxnorm
160,Q0,DOE1-01-0526,624,9.780041913852155,minmaxnorm
160,Q0,DOE1-78-0433,625,9.75941571722013,minmaxnorm
160,Q0,WSJ880512-0137,626,9.745342817963156,minmaxnorm
160,Q0,WSJ880602-0118,627,9.724948712693845,minmaxnorm
160,Q0,DOE2-67-1091,628,9.68247189389259,minmaxnorm
160,Q0,WSJ920317-0091,629,9.646285630158019,minmaxnorm
160,Q0,DOE1-25-0806,630,9.599699625946089,minmaxnorm
160,Q0,ZF207-180-004,631,9.56814854929242,minmaxnorm
160,Q0,DOE1-84-1163,632,9.550864532215689,minmaxnorm
160,Q0,WSJ911119-0031,633,9.539421483610584,minmaxnorm
160,Q0,AP881024-0005,634,9.525752952289537,minmaxnorm
160,Q0,WSJ870420-0021,635,9.522823666460939,minmaxnorm
160,Q0,DOE2-38-0881,636,9.500600314180197,minmaxnorm
160,Q0,WSJ870501-0108,637,9.485728644812294,minmaxnorm
160,Q0,WSJ870817-0140,638,9.467379887996305,minmaxnorm
160,Q0,AP881110-0035,639,9.466875756504344,minmaxnorm
160,Q0,ZF207-773-546,640,9.456756725999563,minmaxnorm
160,Q0,DOE2-07-0247,641,9.434055083550192,minmaxnorm
160,Q0,AP881020-0251,642,9.430706105837336,minmaxnorm
160,Q0,DOE1-55-0870,643,9.425666206213997,minmaxnorm
160,Q0,ZF207-955-552,644,9.39446975431941,minmaxnorm
160,Q0,DOE1-67-0501,645,9.390677062850223,minmaxnorm
160,Q0,AP891130-0025,646,9.36555241654849,minmaxnorm
160,Q0,DOE1-16-1420,647,9.354766534893972,minmaxnorm
160,Q0,AP880920-0021,648,9.353052814213116,minmaxnorm
160,Q0,AP890524-0012,649,9.348392988914322,minmaxnorm
160,Q0,ZF108-683-646,650,9.3481654448815,minmaxnorm
160,Q0,WSJ890920-0127,651,9.331377389495499,minmaxnorm
160,Q0,AP891130-0206,652,9.309523767194904,minmaxnorm
160,Q0,AP880928-0031,653,9.300295679340069,minmaxnorm
160,Q0,FR88926-0084,654,9.300201521632399,minmaxnorm
160,Q0,FR89427-0015,655,9.286538499007124,minmaxnorm
160,Q0,AP880923-0037,656,9.28168328466438,minmaxnorm
160,Q0,WSJ870806-0078,657,9.28126677215603,minmaxnorm
160,Q0,DOE2-06-0173,658,9.252155188308196,minmaxnorm
160,Q0,WSJ910118-0061,659,9.24452006428734,minmaxnorm
160,Q0,WSJ910501-0142,660,9.242490170580897,minmaxnorm
160,Q0,WSJ910626-0156,661,9.216707176634364,minmaxnorm
160,Q0,DOE1-42-0740,662,9.206496153910924,minmaxnorm
160,Q0,DOE1-53-0059,663,9.137562110263191,minmaxnorm
160,Q0,AP880420-0305,664,9.079510688994038,minmaxnorm
160,Q0,AP890728-0011,665,9.056394772561875,minmaxnorm
160,Q0,AP891202-0014,666,9.046261006884407,minmaxnorm
160,Q0,AP880813-0185,667,9.042836004295708,minmaxnorm
160,Q0,WSJ911106-0023,668,9.040387107947815,minmaxnorm
160,Q0,ZF109-512-913,669,9.02849330855617,minmaxnorm
160,Q0,AP880226-0076,670,9.028229283470909,minmaxnorm
160,Q0,AP890710-0117,671,9.016744262102659,minmaxnorm
160,Q0,FR88824-0069,672,8.964749806382788,minmaxnorm
160,Q0,FR88516-0071,673,8.93818133687812,minmaxnorm
160,Q0,FR89713-0035,674,8.931494439686368,minmaxnorm
160,Q0,WSJ900530-0019,675,8.917683066372874,minmaxnorm
160,Q0,DOE2-30-0871,676,8.871245914911231,minmaxnorm
160,Q0,WSJ870529-0081,677,8.870498544397105,minmaxnorm
160,Q0,WSJ881003-0174,678,8.861346708253771,minmaxnorm
160,Q0,FR89314-0078,679,8.843383449742763,minmaxnorm
160,Q0,DOE2-55-0049,680,8.842862686228765,minmaxnorm
160,Q0,AP891222-0005,681,8.833356746114768,minmaxnorm
160,Q0,WSJ870521-0138,682,8.820965986588696,minmaxnorm
160,Q0,AP880502-0218,683,8.812350570281396,minmaxnorm
160,Q0,AP890219-0069,684,8.800741222027575,minmaxnorm
160,Q0,FR89710-0020,685,8.776697651010021,minmaxnorm
160,Q0,DOE2-12-0776,686,8.759758022259726,minmaxnorm
160,Q0,AP890104-0158,687,8.759447268492023,minmaxnorm
160,Q0,DOE1-17-0070,688,8.697934667196959,minmaxnorm
160,Q0,DOE2-70-0802,689,8.670377380702062,minmaxnorm
160,Q0,AP880524-0206,690,8.669554320572342,minmaxnorm
160,Q0,AP880622-0228,691,8.668711426986293,minmaxnorm
160,Q0,ZF108-380-780,692,8.614434409376308,minmaxnorm
160,Q0,DOE1-89-0913,693,8.604519117137569,minmaxnorm
160,Q0,ZF108-522-012,694,8.587326394448157,minmaxnorm
160,Q0,AP891115-0224,695,8.58567204415834,minmaxnorm
160,Q0,WSJ920316-0112,696,8.576283888506168,minmaxnorm
160,Q0,AP890327-0209,697,8.560653836133822,minmaxnorm
160,Q0,AP891120-0161,698,8.524505817967906,minmaxnorm
160,Q0,DOE1-52-0553,699,8.506500280433455,minmaxnorm
160,Q0,WSJ870422-0135,700,8.502559838396978,minmaxnorm
160,Q0,DOE1-95-0703,701,8.488704637967684,minmaxnorm
160,Q0,AP890627-0240,702,8.479241735913982,minmaxnorm
160,Q0,DOE1-59-0545,703,8.458404731687661,minmaxnorm
160,Q0,WSJ881020-0070,704,8.450675157683845,minmaxnorm
160,Q0,AP880616-0108,705,8.444204755064469,minmaxnorm
160,Q0,FR89206-0081,706,8.435733588818948,minmaxnorm
160,Q0,DOE2-05-0740,707,8.419712140267704,minmaxnorm
160,Q0,AP890412-0078,708,8.415946700338113,minmaxnorm
160,Q0,DOE1-31-0920,709,8.405229248208874,minmaxnorm
160,Q0,AP890511-0012,710,8.391472288197932,minmaxnorm
160,Q0,WSJ910604-0151,711,8.346338228135686,minmaxnorm
160,Q0,FR89106-0016,712,8.31415925969696,minmaxnorm
160,Q0,AP880609-0185,713,8.311924498178048,minmaxnorm
160,Q0,AP881019-0262,714,8.303016942822776,minmaxnorm
160,Q0,AP880822-0194,715,8.302164269513069,minmaxnorm
160,Q0,WSJ920224-0089,716,8.293217014482375,minmaxnorm
160,Q0,WSJ880923-0191,717,8.293004480340148,minmaxnorm
160,Q0,ZF110-374-520,718,8.284717220240964,minmaxnorm
160,Q0,AP890110-0229,719,8.268106482318334,minmaxnorm
160,Q0,WSJ911105-0075,720,8.26756431128636,minmaxnorm
160,Q0,AP890724-0013,721,8.255076803805311,minmaxnorm
160,Q0,WSJ920122-0169,722,8.246340032070048,minmaxnorm
160,Q0,WSJ900608-0142,723,8.23914193702321,minmaxnorm
160,Q0,WSJ920130-0108,724,8.22467715970553,minmaxnorm
160,Q0,DOE1-64-0930,725,8.21911880494102,minmaxnorm
160,Q0,WSJ870612-0046,726,8.194258532840426,minmaxnorm
160,Q0,WSJ910315-0078,727,8.193983681821875,minmaxnorm
160,Q0,FR891117-0084,728,8.19058419825916,minmaxnorm
160,Q0,ZF207-232-005,729,8.172754524456378,minmaxnorm
160,Q0,WSJ910515-0102,730,8.16611296052684,minmaxnorm
160,Q0,WSJ870122-0113,731,8.159750340634929,minmaxnorm
160,Q0,AP890119-0090,732,8.151713235119928,minmaxnorm
160,Q0,WSJ911115-0049,733,8.13535206915844,minmaxnorm
160,Q0,ZF109-425-333,734,8.118698294966187,minmaxnorm
160,Q0,WSJ911014-0053,735,8.112311098952729,minmaxnorm
160,Q0,AP880615-0227,736,8.102819920431365,minmaxnorm
160,Q0,FR881019-0057,737,8.101573627093593,minmaxnorm
160,Q0,WSJ890825-0100,738,8.090703748757905,minmaxnorm
160,Q0,AP890327-0208,739,8.090145868180391,minmaxnorm
160,Q0,DOE2-06-0273,740,8.077398846250606,minmaxnorm
160,Q0,AP890615-0221,741,8.070450670157728,minmaxnorm
160,Q0,AP880213-0074,742,8.064777645117077,minmaxnorm
160,Q0,FR89426-0054,743,8.064181836999019,minmaxnorm
160,Q0,WSJ900713-0122,744,8.054297111712536,minmaxnorm
160,Q0,WSJ910919-0121,745,8.051107779877189,minmaxnorm
160,Q0,DOE1-14-0096,746,8.042486471451229,minmaxnorm
160,Q0,WSJ880426-0038,747,8.020487398467607,minmaxnorm
160,Q0,WSJ880315-0158,748,8.018700982133305,minmaxnorm
160,Q0,AP891031-0182,749,8.009768259885641,minmaxnorm
160,Q0,FR881021-0010,750,7.9965289033061655,minmaxnorm
160,Q0,WSJ871009-0086,751,7.969299838435976,minmaxnorm
160,Q0,WSJ910111-0161,752,7.968388282118203,minmaxnorm
160,Q0,AP891213-0134,753,7.953488805154278,minmaxnorm
160,Q0,AP880328-0191,754,7.951140485194619,minmaxnorm
160,Q0,WSJ900904-0146,755,7.9500968009489155,minmaxnorm
160,Q0,AP890710-0143,756,7.943484636729856,minmaxnorm
160,Q0,FR881107-0060,757,7.942593846302278,minmaxnorm
160,Q0,WSJ880224-0067,758,7.907247537390749,minmaxnorm
160,Q0,ZF207-833-946,759,7.902136805206366,minmaxnorm
160,Q0,ZF109-447-307,760,7.88492199947452,minmaxnorm
160,Q0,AP891207-0066,761,7.875501437203339,minmaxnorm
160,Q0,DOE2-07-1025,762,7.871108641865066,minmaxnorm
160,Q0,DOE2-04-0441,763,7.868682195256145,minmaxnorm
160,Q0,WSJ870909-0095,764,7.8637822554901415,minmaxnorm
160,Q0,WSJ861230-0116,765,7.860634614330262,minmaxnorm
160,Q0,WSJ910913-0144,766,7.858503573349571,minmaxnorm
160,Q0,DOE2-55-0390,767,7.838921470870842,minmaxnorm
160,Q0,WSJ881101-0097,768,7.818019096583651,minmaxnorm
160,Q0,DOE2-41-0199,769,7.808910882132115,minmaxnorm
160,Q0,AP890203-0144,770,7.806583554800219,minmaxnorm
160,Q0,FR88607-0109,771,7.790176332959048,minmaxnorm
160,Q0,DOE2-70-0629,772,7.787381700695429,minmaxnorm
160,Q0,DOE1-68-0057,773,7.783960526649492,minmaxnorm
160,Q0,AP880808-0192,774,7.776748005654744,minmaxnorm
160,Q0,WSJ880128-0100,775,7.733066442492282,minmaxnorm
160,Q0,DOE2-40-0910,776,7.724825364468188,minmaxnorm
160,Q0,AP890911-0231,777,7.717448472053685,minmaxnorm
160,Q0,AP890531-0036,778,7.71371910674727,minmaxnorm
160,Q0,AP881122-0023,779,7.70789037076984,minmaxnorm
160,Q0,WSJ910107-0146,780,7.702859454341678,minmaxnorm
160,Q0,WSJ920122-0165,781,7.699210005333208,minmaxnorm
160,Q0,FR89315-0153,782,7.6987399341718845,minmaxnorm
160,Q0,AP880325-0081,783,7.682118821181318,minmaxnorm
160,Q0,AP880429-0054,784,7.676951012577433,minmaxnorm
160,Q0,WSJ881020-0145,785,7.676757183288942,minmaxnorm
160,Q0,WSJ911111-0048,786,7.6730820165591265,minmaxnorm
160,Q0,WSJ880226-0124,787,7.667237699955413,minmaxnorm
160,Q0,WSJ880222-0052,788,7.665634763832354,minmaxnorm
160,Q0,DOE1-11-1284,789,7.644891667342026,minmaxnorm
160,Q0,ZF108-568-132,790,7.640089873540256,minmaxnorm
160,Q0,AP890803-0132,791,7.605728435563374,minmaxnorm
160,Q0,WSJ870519-0036,792,7.559787647714245,minmaxnorm
160,Q0,FR88504-0029,793,7.55640775494926,minmaxnorm
160,Q0,AP890626-0240,794,7.554946631912692,minmaxnorm
160,Q0,AP881117-0121,795,7.541752104705559,minmaxnorm
160,Q0,AP880316-0279,796,7.531533422689903,minmaxnorm
160,Q0,WSJ870319-0024,797,7.518859182821797,minmaxnorm
160,Q0,WSJ880705-0185,798,7.483803912371764,minmaxnorm
160,Q0,AP881013-0061,799,7.462437282987813,minmaxnorm
160,Q0,AP880512-0164,800,7.44665869416494,minmaxnorm
160,Q0,FR891117-0134,801,7.4378193417316965,minmaxnorm
160,Q0,FR881026-0117,802,7.437394947066342,minmaxnorm
160,Q0,DOE1-70-0160,803,7.431858630471936,minmaxnorm
160,Q0,FR89315-0033,804,7.423565586802824,minmaxnorm
160,Q0,WSJ911030-0172,805,7.408551892909015,minmaxnorm
160,Q0,AP890119-0097,806,7.405947063800828,minmaxnorm
160,Q0,DOE1-42-0295,807,7.390372914488018,minmaxnorm
160,Q0,AP881201-0059,808,7.384007021124824,minmaxnorm
160,Q0,WSJ911218-0076,809,7.382529912211493,minmaxnorm
160,Q0,AP880614-0037,810,7.373982424185625,minmaxnorm
160,Q0,WSJ900828-0114,811,7.364783771173837,minmaxnorm
160,Q0,ZF207-834-826,812,7.348430865549753,minmaxnorm
160,Q0,WSJ911227-0095,813,7.3457498912831705,minmaxnorm
160,Q0,ZF109-536-607,814,7.340019843901446,minmaxnorm
160,Q0,AP880316-0156,815,7.3117051166955065,minmaxnorm
160,Q0,WSJ911030-0080,816,7.27058674114999,minmaxnorm
160,Q0,WSJ911107-0065,817,7.2617351342391805,minmaxnorm
160,Q0,WSJ870904-0113,818,7.259556698346594,minmaxnorm
160,Q0,ZF108-039-616,819,7.251722655364015,minmaxnorm
160,Q0,DOE1-73-0556,820,7.241692825666956,minmaxnorm
160,Q0,WSJ880603-0039,821,7.2095487706787145,minmaxnorm
160,Q0,DOE1-35-0676,822,7.1930750190794965,minmaxnorm
160,Q0,AP881201-0147,823,7.1784374933403186,minmaxnorm
160,Q0,AP880401-0022,824,7.176384116383147,minmaxnorm
160,Q0,ZF207-248-439,825,7.176255606619087,minmaxnorm
160,Q0,AP890601-0107,826,7.158747085097725,minmaxnorm
160,Q0,DOE2-37-0121,827,7.147556079614583,minmaxnorm
160,Q0,WSJ910715-0131,828,7.131986774556875,minmaxnorm
160,Q0,WSJ901221-0013,829,7.105944879174454,minmaxnorm
160,Q0,WSJ880119-0065,830,7.102212249684798,minmaxnorm
160,Q0,DOE2-31-0006,831,7.092493475137293,minmaxnorm
160,Q0,AP880519-0119,832,7.080947639864236,minmaxnorm
160,Q0,AP891211-0098,833,7.078820070189428,minmaxnorm
160,Q0,DOE1-34-0259,834,7.077106300449093,minmaxnorm
160,Q0,WSJ870420-0042,835,7.05262685022213,minmaxnorm
160,Q0,AP881125-0010,836,7.051911210475875,minmaxnorm
160,Q0,DOE1-55-0112,837,7.0385838356349835,minmaxnorm
160,Q0,FR88824-0027,838,7.029893217872712,minmaxnorm
160,Q0,AP891004-0167,839,7.019619453304637,minmaxnorm
160,Q0,FR89303-0029,840,6.988046995143522,minmaxnorm
160,Q0,DOE1-01-0745,841,6.965542640734988,minmaxnorm
160,Q0,FR89313-0142,842,6.964059778606892,minmaxnorm
160,Q0,DOE1-80-0708,843,6.938973754177882,minmaxnorm
160,Q0,DOE2-43-1046,844,6.929353359965968,minmaxnorm
160,Q0,DOE1-14-0284,845,6.917153439851672,minmaxnorm
160,Q0,WSJ881021-0045,846,6.913710000407957,minmaxnorm
160,Q0,DOE1-33-0496,847,6.910756274136755,minmaxnorm
160,Q0,DOE1-55-1033,848,6.904904738518499,minmaxnorm
160,Q0,AP890626-0095,849,6.9017675534239675,minmaxnorm
160,Q0,WSJ870428-0119,850,6.89023163311103,minmaxnorm
160,Q0,DOE1-93-0234,851,6.869806111122655,minmaxnorm
160,Q0,FR89324-0021,852,6.866635461021151,minmaxnorm
160,Q0,WSJ881020-0133,853,6.866469105418049,minmaxnorm
160,Q0,ZF109-645-455,854,6.8569178278269245,minmaxnorm
160,Q0,DOE1-53-0142,855,6.854806478820687,minmaxnorm
160,Q0,DOE1-30-0418,856,6.840482244342452,minmaxnorm
160,Q0,AP881012-0245,857,6.823474709085562,minmaxnorm
160,Q0,DOE1-92-1082,858,6.817920533207568,minmaxnorm
160,Q0,WSJ891006-0153,859,6.809237398823588,minmaxnorm
160,Q0,FR88610-0096,860,6.80475721606746,minmaxnorm
160,Q0,WSJ910531-0138,861,6.802119089881089,minmaxnorm
160,Q0,FR891117-0123,862,6.775919376602444,minmaxnorm
160,Q0,FR89316-0127,863,6.768216383203586,minmaxnorm
160,Q0,WSJ880815-0040,864,6.766061300640381,minmaxnorm
160,Q0,FR88726-0002,865,6.759727983939222,minmaxnorm
160,Q0,DOE1-75-1241,866,6.7541803560928955,minmaxnorm
160,Q0,DOE1-04-1321,867,6.724521668790787,minmaxnorm
160,Q0,AP880514-0021,868,6.711948329481778,minmaxnorm
160,Q0,AP890721-0135,869,6.706476265164177,minmaxnorm
160,Q0,FR89811-0079,870,6.704876893228858,minmaxnorm
160,Q0,WSJ911025-0043,871,6.67329156200673,minmaxnorm
160,Q0,AP890508-0005,872,6.672650053275936,minmaxnorm
160,Q0,AP890717-0100,873,6.655626516668142,minmaxnorm
160,Q0,DOE2-69-0893,874,6.648168361237671,minmaxnorm
160,Q0,ZF207-329-078,875,6.628732771181342,minmaxnorm
160,Q0,DOE2-73-0520,876,6.62856736837549,minmaxnorm
160,Q0,ZF108-570-626,877,6.6014540597595355,minmaxnorm
160,Q0,FR88729-0131,878,6.586917620188391,minmaxnorm
160,Q0,WSJ861219-0124,879,6.577735719864373,minmaxnorm
160,Q0,WSJ910329-0110,880,6.576634967521829,minmaxnorm
160,Q0,FR881122-0134,881,6.576584186360408,minmaxnorm
160,Q0,AP890306-0291,882,6.559689926282355,minmaxnorm
160,Q0,FR88601-0113,883,6.554840269584105,minmaxnorm
160,Q0,WSJ880419-0099,884,6.5529022537294255,minmaxnorm
160,Q0,DOE2-31-0147,885,6.551686073489282,minmaxnorm
160,Q0,AP891206-0019,886,6.5301034393075215,minmaxnorm
160,Q0,FR89505-0080,887,6.512254190526845,minmaxnorm
160,Q0,DOE1-15-1156,888,6.503927474701297,minmaxnorm
160,Q0,AP890612-0072,889,6.490948519839172,minmaxnorm
160,Q0,WSJ910611-0142,890,6.485109025132948,minmaxnorm
160,Q0,WSJ870807-0015,891,6.4682219989082155,minmaxnorm
160,Q0,DOE1-59-1108,892,6.466489550627288,minmaxnorm
160,Q0,AP890815-0020,893,6.46337586287857,minmaxnorm
160,Q0,WSJ900927-0150,894,6.443013090945402,minmaxnorm
160,Q0,AP880509-0152,895,6.442151772515615,minmaxnorm
160,Q0,AP890419-0203,896,6.441778094598938,minmaxnorm
160,Q0,AP890821-0206,897,6.429884876340652,minmaxnorm
160,Q0,AP880405-0087,898,6.427754947125943,minmaxnorm
160,Q0,FR89530-0088,899,6.425728524137535,minmaxnorm
160,Q0,FR89608-0018,900,6.417623592518895,minmaxnorm
160,Q0,AP890221-0019,901,6.411388201264519,minmaxnorm
160,Q0,AP890728-0138,902,6.410655373721088,minmaxnorm
160,Q0,DOE2-83-0578,903,6.394151309546278,minmaxnorm
160,Q0,AP890405-0116,904,6.381231881356263,minmaxnorm
160,Q0,AP881113-0002,905,6.370955633016483,minmaxnorm
160,Q0,WSJ880519-0120,906,6.366308009669126,minmaxnorm
160,Q0,ZF108-397-498,907,6.344376744720307,minmaxnorm
160,Q0,DOE1-12-0873,908,6.343507295020552,minmaxnorm
160,Q0,DOE1-56-0353,909,6.33316391110516,minmaxnorm
160,Q0,DOE2-35-0828,910,6.328340227883857,minmaxnorm
160,Q0,AP891106-0208,911,6.326034830280499,minmaxnorm
160,Q0,WSJ871202-0095,912,6.321606303315313,minmaxnorm
160,Q0,DOE1-08-1228,913,6.317704273863617,minmaxnorm
160,Q0,FR89420-0081,914,6.315507379171869,minmaxnorm
160,Q0,AP891122-0017,915,6.314911444980181,minmaxnorm
160,Q0,AP880812-0217,916,6.307951497610641,minmaxnorm
160,Q0,AP880405-0138,917,6.304788855729347,minmaxnorm
160,Q0,AP880506-0048,918,6.297533353495381,minmaxnorm
160,Q0,ZF109-633-097,919,6.296435677707558,minmaxnorm
160,Q0,WSJ910320-0142,920,6.284455005928615,minmaxnorm
160,Q0,FR891120-0063,921,6.2673293644397745,minmaxnorm
160,Q0,AP881012-0164,922,6.260951093510553,minmaxnorm
160,Q0,AP890405-0048,923,6.252977128596832,minmaxnorm
160,Q0,WSJ911224-0068,924,6.247502317394732,minmaxnorm
160,Q0,WSJ910517-0062,925,6.244511185770414,minmaxnorm
160,Q0,WSJ910308-0186,926,6.229451627255509,minmaxnorm
160,Q0,AP881118-0132,927,6.191141600587573,minmaxnorm
160,Q0,ZF109-491-673,928,6.1791237658489155,minmaxnorm
160,Q0,AP881223-0148,929,6.174610462654631,minmaxnorm
160,Q0,FR881209-0115,930,6.167121111948606,minmaxnorm
160,Q0,FR89511-0065,931,6.165782948228335,minmaxnorm
160,Q0,WSJ920121-0103,932,6.1655552845677475,minmaxnorm
160,Q0,FR89414-0194,933,6.155142981008889,minmaxnorm
160,Q0,WSJ890821-0084,934,6.154576017989174,minmaxnorm
160,Q0,AP881008-0150,935,6.147866004264286,minmaxnorm
160,Q0,AP890310-0112,936,6.140120233299319,minmaxnorm
160,Q0,WSJ911202-0047,937,6.130559381374909,minmaxnorm
160,Q0,FR891109-0132,938,6.1302057267540375,minmaxnorm
160,Q0,WSJ890818-0033,939,6.1271687875552505,minmaxnorm
160,Q0,AP881010-0224,940,6.11430606224487,minmaxnorm
160,Q0,FR891006-0096,941,6.106554439349595,minmaxnorm
160,Q0,DOE1-77-0128,942,6.084815729994947,minmaxnorm
160,Q0,DOE1-33-0379,943,6.073054407544812,minmaxnorm
160,Q0,WSJ880225-0110,944,6.070798397776482,minmaxnorm
160,Q0,FR89414-0020,945,6.065924765457803,minmaxnorm
160,Q0,DOE1-22-1391,946,6.0505528654088145,minmaxnorm
160,Q0,ZF208-128-824,947,6.031466055590511,minmaxnorm
160,Q0,DOE1-65-0368,948,6.026876821193653,minmaxnorm
160,Q0,WSJ871029-0010,949,6.021121946205798,minmaxnorm
160,Q0,DOE1-66-0479,950,6.016234728437647,minmaxnorm
160,Q0,FR88802-0022,951,6.010623309593633,minmaxnorm
160,Q0,ZF108-082-716,952,6.007644404788893,minmaxnorm
160,Q0,AP881215-0232,953,5.999999751938077,minmaxnorm
160,Q0,WSJ900425-0076,954,5.999584468988838,minmaxnorm
160,Q0,AP880812-0205,955,5.9967350504519885,minmaxnorm
160,Q0,WSJ911028-0006,956,5.995790242048025,minmaxnorm
160,Q0,WSJ911011-0008,957,5.9926933440933,minmaxnorm
160,Q0,FR891121-0088,958,5.990001599194466,minmaxnorm
160,Q0,WSJ880624-0010,959,5.986587230140816,minmaxnorm
160,Q0,WSJ910404-0083,960,5.98270047657803,minmaxnorm
160,Q0,AP890919-0140,961,5.978041244977165,minmaxnorm
160,Q0,FR891129-0091,962,5.970767297334157,minmaxnorm
160,Q0,FR89612-0004,963,5.935604243849182,minmaxnorm
160,Q0,DOE1-06-0059,964,5.922048822948292,minmaxnorm
160,Q0,DOE1-37-0824,965,5.915016125530516,minmaxnorm
160,Q0,ZF108-508-482,966,5.910839477922492,minmaxnorm
160,Q0,AP890115-0014,967,5.910034966558237,minmaxnorm
160,Q0,AP880428-0170,968,5.867875711417872,minmaxnorm
160,Q0,DOE2-61-0183,969,5.864652570796302,minmaxnorm
160,Q0,DOE1-95-0863,970,5.863247504287951,minmaxnorm
160,Q0,DOE1-44-0768,971,5.84487566500813,minmaxnorm
160,Q0,AP880630-0047,972,5.841421831857231,minmaxnorm
160,Q0,AP890824-0189,973,5.839057398489285,minmaxnorm
160,Q0,AP880902-0065,974,5.835218707886055,minmaxnorm
160,Q0,WSJ910815-0123,975,5.817639570713118,minmaxnorm
160,Q0,WSJ870218-0081,976,5.806747961133685,minmaxnorm
160,Q0,DOE1-95-1113,977,5.79519541823814,minmaxnorm
160,Q0,DOE2-38-1615,978,5.79269519765856,minmaxnorm
160,Q0,DOE2-47-0697,979,5.7785347664868,minmaxnorm
160,Q0,DOE1-53-1092,980,5.776934867325601,minmaxnorm
160,Q0,AP890308-0068,981,5.76928147965456,minmaxnorm
160,Q0,DOE2-15-0003,982,5.753911605717513,minmaxnorm
160,Q0,WSJ870129-0159,983,5.7506957727201655,minmaxnorm
160,Q0,WSJ870223-0002,984,5.749879363479812,minmaxnorm
160,Q0,AP891002-0293,985,5.7498183738754856,minmaxnorm
160,Q0,AP891102-0028,986,5.7443159729777395,minmaxnorm
160,Q0,FR88517-0041,987,5.743285381242452,minmaxnorm
160,Q0,FR89510-0081,988,5.742201005228245,minmaxnorm
160,Q0,FR881130-0014,989,5.740510828049381,minmaxnorm
160,Q0,ZF207-445-080,990,5.729531035967668,minmaxnorm
160,Q0,ZF108-070-328,991,5.723972689919723,minmaxnorm
160,Q0,WSJ880613-0123,992,5.718283148917609,minmaxnorm
160,Q0,DOE1-39-0667,993,5.716445807951864,minmaxnorm
160,Q0,FR88927-0091,994,5.713484206438943,minmaxnorm
160,Q0,WSJ890804-0119,995,5.712737139514073,minmaxnorm
160,Q0,WSJ880420-0086,996,5.710220746553855,minmaxnorm
160,Q0,FR89119-0111,997,5.704517288966139,minmaxnorm
160,Q0,DOE1-02-0926,998,5.694452688909094,minmaxnorm
160,Q0,FR88826-0084,999,5.690666946446497,minmaxnorm
160,Q0,FR891017-0019,1000,5.6831855550611525,minmaxnorm
167,Q0,WSJ881101-0102,1,143.7507296611324,minmaxnorm
167,Q0,AP890808-0054,2,118.47828344780986,minmaxnorm
167,Q0,WSJ900927-0165,3,91.66495966644224,minmaxnorm
167,Q0,AP880722-0195,4,90.30379542812611,minmaxnorm
167,Q0,AP880510-0244,5,83.9372873404914,minmaxnorm
167,Q0,AP890127-0217,6,81.01491565586733,minmaxnorm
167,Q0,AP880706-0177,7,79.88426969127669,minmaxnorm
167,Q0,WSJ880927-0075,8,79.72878708454641,minmaxnorm
167,Q0,AP891101-0210,9,79.18743276225511,minmaxnorm
167,Q0,AP881227-0090,10,76.45933238998742,minmaxnorm
167,Q0,WSJ891026-0148,11,75.00275763988502,minmaxnorm
167,Q0,AP881031-0040,12,70.99566521794178,minmaxnorm
167,Q0,WSJ890804-0061,13,62.535743248668034,minmaxnorm
167,Q0,AP881102-0245,14,60.90720945064069,minmaxnorm
167,Q0,AP880814-0025,15,60.21054533754779,minmaxnorm
167,Q0,AP890515-0244,16,59.88365897439632,minmaxnorm
167,Q0,WSJ900531-0137,17,58.36216863411944,minmaxnorm
167,Q0,WSJ880201-0092,18,56.11932934323264,minmaxnorm
167,Q0,AP891120-0179,19,55.19997831445573,minmaxnorm
167,Q0,AP890503-0156,20,54.16280047459703,minmaxnorm
167,Q0,WSJ900607-0150,21,53.862780825171974,minmaxnorm
167,Q0,AP881027-0154,22,53.71710237413471,minmaxnorm
167,Q0,AP890109-0322,23,53.60570380431133,minmaxnorm
167,Q0,AP881002-0047,24,53.15840004386581,minmaxnorm
167,Q0,AP890825-0009,25,51.34680113242585,minmaxnorm
167,Q0,AP890815-0140,26,51.300553059261716,minmaxnorm
167,Q0,AP890703-0028,27,50.3521248105262,minmaxnorm
167,Q0,AP890411-0197,28,49.15242152131783,minmaxnorm
167,Q0,AP890628-0198,29,48.92295953860372,minmaxnorm
167,Q0,AP890715-0153,30,48.89753502829718,minmaxnorm
167,Q0,AP890608-0227,31,48.72064152035067,minmaxnorm
167,Q0,WSJ870602-0087,32,47.48399016473596,minmaxnorm
167,Q0,AP890930-0072,33,47.044938699335724,minmaxnorm
167,Q0,AP890206-0221,34,46.79834669932058,minmaxnorm
167,Q0,WSJ910618-0120,35,45.796037958238344,minmaxnorm
167,Q0,WSJ880621-0087,36,44.454642106585105,minmaxnorm
167,Q0,WSJ910312-0084,37,43.94832368346268,minmaxnorm
167,Q0,WSJ880224-0078,38,43.767958904913044,minmaxnorm
167,Q0,WSJ870324-0064,39,43.500383150470384,minmaxnorm
167,Q0,WSJ910315-0049,40,43.26425648355832,minmaxnorm
167,Q0,AP890901-0115,41,43.083774489046405,minmaxnorm
167,Q0,ZF109-677-877,42,42.93358120878196,minmaxnorm
167,Q0,AP880729-0239,43,42.823223648453705,minmaxnorm
167,Q0,WSJ880609-0111,44,42.659374785054254,minmaxnorm
167,Q0,AP890908-0200,45,42.56461522512984,minmaxnorm
167,Q0,AP891024-0263,46,42.12889792802505,minmaxnorm
167,Q0,WSJ900717-0052,47,42.12339256756585,minmaxnorm
167,Q0,WSJ920319-0064,48,41.915177064149454,minmaxnorm
167,Q0,AP880511-0275,49,41.353537408521426,minmaxnorm
167,Q0,AP890802-0034,50,41.07626425694013,minmaxnorm
167,Q0,WSJ910424-0217,51,41.0390365749678,minmaxnorm
167,Q0,AP890807-0165,52,40.9977826532348,minmaxnorm
167,Q0,AP880720-0269,53,40.99174104516622,minmaxnorm
167,Q0,AP880810-0268,54,40.91348716408062,minmaxnorm
167,Q0,AP890612-0220,55,39.93935056459845,minmaxnorm
167,Q0,AP890104-0222,56,39.91379725461392,minmaxnorm
167,Q0,AP890629-0082,57,39.886186614709274,minmaxnorm
167,Q0,WSJ890905-0009,58,39.836733383928,minmaxnorm
167,Q0,WSJ870220-0146,59,39.69172518097946,minmaxnorm
167,Q0,WSJ900606-0073,60,39.45769260840072,minmaxnorm
167,Q0,WSJ900515-0015,61,38.9038293733127,minmaxnorm
167,Q0,AP890531-0193,62,38.82382006956503,minmaxnorm
167,Q0,AP880315-0257,63,38.78312844283207,minmaxnorm
167,Q0,ZF207-159-982,64,38.047002996719115,minmaxnorm
167,Q0,WSJ880329-0004,65,38.03660781473743,minmaxnorm
167,Q0,WSJ890818-0097,66,38.02050162036017,minmaxnorm
167,Q0,AP880819-0250,67,37.82890889018594,minmaxnorm
167,Q0,WSJ880427-0122,68,37.78374496138512,minmaxnorm
167,Q0,WSJ910919-0092,69,37.751510663001625,minmaxnorm
167,Q0,AP890809-0029,70,37.61711266224242,minmaxnorm
167,Q0,AP880628-0257,71,37.40848812627674,minmaxnorm
167,Q0,AP890919-0157,72,37.343358878837286,minmaxnorm
167,Q0,AP890209-0202,73,37.190204521543734,minmaxnorm
167,Q0,AP881031-0274,74,37.15430820393707,minmaxnorm
167,Q0,AP880516-0149,75,36.751153432032055,minmaxnorm
167,Q0,AP891016-0229,76,36.25009588373522,minmaxnorm
167,Q0,WSJ900430-0119,77,36.24618397856737,minmaxnorm
167,Q0,ZF207-263-730,78,36.17517484579451,minmaxnorm
167,Q0,AP880229-0232,79,35.816805328073535,minmaxnorm
167,Q0,WSJ900724-0102,80,35.64741860237409,minmaxnorm
167,Q0,WSJ880405-0020,81,35.18805488987693,minmaxnorm
167,Q0,WSJ870721-0092,82,35.08561752502,minmaxnorm
167,Q0,WSJ870213-0024,83,34.79527680642643,minmaxnorm
167,Q0,WSJ880701-0035,84,34.70096230121314,minmaxnorm
167,Q0,AP890330-0208,85,34.63839377614878,minmaxnorm
167,Q0,AP890614-0196,86,34.51410576908619,minmaxnorm
167,Q0,WSJ891024-0064,87,34.26789381756567,minmaxnorm
167,Q0,WSJ880113-0087,88,34.232720182961124,minmaxnorm
167,Q0,WSJ920213-0100,89,34.136479900050226,minmaxnorm
167,Q0,AP890601-0263,90,34.04796785419387,minmaxnorm
167,Q0,WSJ880929-0067,91,33.91781294174733,minmaxnorm
167,Q0,WSJ910228-0171,92,33.57661836687634,minmaxnorm
167,Q0,WSJ911115-0116,93,33.540209473721674,minmaxnorm
167,Q0,AP890511-0138,94,33.25788240910448,minmaxnorm
167,Q0,WSJ920115-0085,95,33.20314718672196,minmaxnorm
167,Q0,WSJ880105-0049,96,33.02094224985242,minmaxnorm
167,Q0,WSJ891023-0174,97,32.97500157408501,minmaxnorm
167,Q0,WSJ861212-0068,98,32.661021828340154,minmaxnorm
167,Q0,AP891011-0041,99,32.48798886446688,minmaxnorm
167,Q0,AP881219-0218,100,32.35364917575443,minmaxnorm
167,Q0,AP880425-0255,101,32.188552825087484,minmaxnorm
167,Q0,AP881010-0240,102,32.138497748951785,minmaxnorm
167,Q0,WSJ910718-0094,103,32.02826948567823,minmaxnorm
167,Q0,WSJ871210-0102,104,31.997941811265488,minmaxnorm
167,Q0,AP880411-0020,105,31.770801092788087,minmaxnorm
167,Q0,WSJ870421-0004,106,31.75708943965971,minmaxnorm
167,Q0,AP880808-0173,107,31.562702055986303,minmaxnorm
167,Q0,AP880807-0053,108,31.391932820409,minmaxnorm
167,Q0,WSJ870106-0052,109,31.25646927358282,minmaxnorm
167,Q0,AP890525-0005,110,31.251003962943066,minmaxnorm
167,Q0,AP890508-0190,111,31.09810659606482,minmaxnorm
167,Q0,AP880411-0240,112,30.560445390337986,minmaxnorm
167,Q0,AP890730-0076,113,30.491816763095578,minmaxnorm
167,Q0,WSJ861205-0007,114,30.278381704021083,minmaxnorm
167,Q0,WSJ910718-0162,115,30.19525153899094,minmaxnorm
167,Q0,WSJ870616-0116,116,30.17723506417032,minmaxnorm
167,Q0,WSJ881101-0016,117,29.700568339357584,minmaxnorm
167,Q0,WSJ910117-0060,118,29.53134326929156,minmaxnorm
167,Q0,AP890407-0174,119,29.524666346867328,minmaxnorm
167,Q0,DOE1-67-0305,120,29.141763911550576,minmaxnorm
167,Q0,AP890829-0049,121,29.094564059772328,minmaxnorm
167,Q0,WSJ890731-0032,122,28.929097963872792,minmaxnorm
167,Q0,WSJ900816-0011,123,28.902909601295864,minmaxnorm
167,Q0,AP890712-0246,124,28.735215001647013,minmaxnorm
167,Q0,AP890313-0027,125,28.599510380301993,minmaxnorm
167,Q0,WSJ870212-0016,126,28.436678648487923,minmaxnorm
167,Q0,AP890313-0048,127,28.257367399256815,minmaxnorm
167,Q0,WSJ861204-0081,128,28.236024058089196,minmaxnorm
167,Q0,AP880613-0248,129,28.164176804579522,minmaxnorm
167,Q0,WSJ920106-0031,130,28.13524018985005,minmaxnorm
167,Q0,WSJ900409-0049,131,27.76506890797608,minmaxnorm
167,Q0,AP880419-0234,132,27.739983238115347,minmaxnorm
167,Q0,WSJ911204-0055,133,27.708944267317218,minmaxnorm
167,Q0,AP890106-0209,134,27.587046715044785,minmaxnorm
167,Q0,AP890413-0171,135,27.47704717331917,minmaxnorm
167,Q0,AP891118-0154,136,27.22631229886632,minmaxnorm
167,Q0,AP881010-0234,137,27.113186856202276,minmaxnorm
167,Q0,AP890516-0213,138,27.083595356538677,minmaxnorm
167,Q0,WSJ880112-0107,139,27.02172774630634,minmaxnorm
167,Q0,WSJ880816-0032,140,27.011688974864338,minmaxnorm
167,Q0,WSJ891011-0048,141,26.402995241423056,minmaxnorm
167,Q0,WSJ880506-0069,142,26.382079278488725,minmaxnorm
167,Q0,WSJ891027-0030,143,26.377946136428754,minmaxnorm
167,Q0,AP890709-0008,144,26.35313671006716,minmaxnorm
167,Q0,WSJ920319-0101,145,26.29862078853131,minmaxnorm
167,Q0,WSJ910716-0139,146,26.238241694953444,minmaxnorm
167,Q0,AP880609-0257,147,26.236338236761288,minmaxnorm
167,Q0,AP880531-0268,148,26.230130930791297,minmaxnorm
167,Q0,WSJ880902-0053,149,26.173281090993907,minmaxnorm
167,Q0,AP880825-0033,150,26.039456857576873,minmaxnorm
167,Q0,WSJ881014-0010,151,26.03750088957512,minmaxnorm
167,Q0,WSJ870316-0071,152,25.991301023646173,minmaxnorm
167,Q0,AP880817-0274,153,25.958878094602152,minmaxnorm
167,Q0,WSJ870814-0047,154,25.93308916379038,minmaxnorm
167,Q0,WSJ870515-0074,155,25.90145404766534,minmaxnorm
167,Q0,AP890928-0241,156,25.851574627624167,minmaxnorm
167,Q0,AP880630-0024,157,25.821508599456617,minmaxnorm
167,Q0,WSJ880923-0133,158,25.779199947642507,minmaxnorm
167,Q0,AP890818-0173,159,25.526237309681655,minmaxnorm
167,Q0,AP890607-0094,160,25.49438400577223,minmaxnorm
167,Q0,AP891016-0224,161,25.44664288789553,minmaxnorm
167,Q0,WSJ920218-0153,162,25.299479560089637,minmaxnorm
167,Q0,AP890620-0206,163,25.18858653445368,minmaxnorm
167,Q0,AP890114-0056,164,25.089645985107907,minmaxnorm
167,Q0,AP890112-0234,165,25.065039868612132,minmaxnorm
167,Q0,WSJ870217-0087,166,24.990821961165747,minmaxnorm
167,Q0,WSJ870119-0123,167,24.81744487883347,minmaxnorm
167,Q0,AP881112-0111,168,24.690808019383216,minmaxnorm
167,Q0,AP880428-0115,169,24.66699689849629,minmaxnorm
167,Q0,WSJ900418-0017,170,24.65307006730258,minmaxnorm
167,Q0,WSJ870127-0065,171,24.59773331815713,minmaxnorm
167,Q0,WSJ870311-0013,172,24.58302577511793,minmaxnorm
167,Q0,AP890419-0081,173,24.44720059772975,minmaxnorm
167,Q0,AP880413-0004,174,24.38552807078245,minmaxnorm
167,Q0,WSJ880512-0032,175,24.338424463376796,minmaxnorm
167,Q0,AP881115-0261,176,24.145843100109058,minmaxnorm
167,Q0,AP880311-0039,177,24.02362331243444,minmaxnorm
167,Q0,AP890420-0205,178,23.88790548165974,minmaxnorm
167,Q0,WSJ900912-0021,179,23.82826540452556,minmaxnorm
167,Q0,WSJ890802-0100,180,23.82480494599657,minmaxnorm
167,Q0,AP880923-0105,181,23.82104199579611,minmaxnorm
167,Q0,AP890329-0126,182,23.743487367660215,minmaxnorm
167,Q0,WSJ880118-0020,183,23.680971140000263,minmaxnorm
167,Q0,WSJ891002-0079,184,23.618224150683343,minmaxnorm
167,Q0,AP890820-0084,185,23.530070774479004,minmaxnorm
167,Q0,WSJ911108-0169,186,23.440209513218743,minmaxnorm
167,Q0,WSJ910903-0045,187,23.27568383689013,minmaxnorm
167,Q0,AP880315-0235,188,23.232560202946875,minmaxnorm
167,Q0,WSJ880616-0120,189,23.20234023680241,minmaxnorm
167,Q0,AP890706-0275,190,23.059165288388527,minmaxnorm
167,Q0,WSJ910314-0034,191,23.054669457565918,minmaxnorm
167,Q0,AP891004-0019,192,23.054493398576316,minmaxnorm
167,Q0,ZF207-058-252,193,22.958552421374957,minmaxnorm
167,Q0,AP880509-0222,194,22.73801518426253,minmaxnorm
167,Q0,ZF108-461-402,195,22.696306238197224,minmaxnorm
167,Q0,WSJ870715-0065,196,22.650824592932548,minmaxnorm
167,Q0,AP880415-0065,197,22.644886415278968,minmaxnorm
167,Q0,WSJ900510-0040,198,22.419219553545524,minmaxnorm
167,Q0,AP880411-0276,199,22.370438946992717,minmaxnorm
167,Q0,AP890315-0058,200,22.356018528044146,minmaxnorm
167,Q0,WSJ870205-0040,201,22.35430575178363,minmaxnorm
167,Q0,AP890719-0014,202,22.316872541388992,minmaxnorm
167,Q0,ZF108-151-900,203,22.165633403752327,minmaxnorm
167,Q0,WSJ880406-0107,204,22.12588306204383,minmaxnorm
167,Q0,AP890821-0045,205,22.0650253469642,minmaxnorm
167,Q0,WSJ910221-0149,206,22.03953866162626,minmaxnorm
167,Q0,ZF108-067-622,207,21.936532562162824,minmaxnorm
167,Q0,AP880321-0003,208,21.861131520725895,minmaxnorm
167,Q0,AP880917-0173,209,21.85661998117467,minmaxnorm
167,Q0,WSJ920128-0131,210,21.782555950050853,minmaxnorm
167,Q0,WSJ870713-0001,211,21.755906145683724,minmaxnorm
167,Q0,WSJ870630-0048,212,21.70366885779478,minmaxnorm
167,Q0,AP890515-0131,213,21.63876873161372,minmaxnorm
167,Q0,WSJ910523-0080,214,21.568496786507986,minmaxnorm
167,Q0,WSJ870918-0180,215,21.510077512924553,minmaxnorm
167,Q0,WSJ880805-0179,216,21.49823294189766,minmaxnorm
167,Q0,AP891115-0044,217,21.42161019384806,minmaxnorm
167,Q0,WSJ920221-0088,218,21.417811271687636,minmaxnorm
167,Q0,WSJ910306-0142,219,21.34017774215805,minmaxnorm
167,Q0,WSJ880315-0165,220,21.291506491371624,minmaxnorm
167,Q0,WSJ880721-0044,221,21.06321856432555,minmaxnorm
167,Q0,AP890720-0175,222,21.039114585774826,minmaxnorm
167,Q0,AP880812-0132,223,21.02461060898678,minmaxnorm
167,Q0,AP880229-0256,224,20.999540827477116,minmaxnorm
167,Q0,AP880826-0217,225,20.937942185229346,minmaxnorm
167,Q0,AP890912-0251,226,20.886536180519272,minmaxnorm
167,Q0,AP880719-0263,227,20.75497556164458,minmaxnorm
167,Q0,AP880812-0229,228,20.747861921223862,minmaxnorm
167,Q0,WSJ900711-0009,229,20.647400871096327,minmaxnorm
167,Q0,AP890830-0209,230,20.48213115488715,minmaxnorm
167,Q0,AP881010-0232,231,20.47709319748337,minmaxnorm
167,Q0,WSJ910523-0140,232,20.44949403583618,minmaxnorm
167,Q0,WSJ871222-0019,233,20.43988612351739,minmaxnorm
167,Q0,AP880702-0014,234,20.43331178136515,minmaxnorm
167,Q0,WSJ910110-0105,235,20.396014998227525,minmaxnorm
167,Q0,WSJ911025-0077,236,20.37967357559893,minmaxnorm
167,Q0,AP891204-0211,237,20.33784185098848,minmaxnorm
167,Q0,WSJ880126-0042,238,20.31628880804718,minmaxnorm
167,Q0,AP880702-0176,239,20.297976890914185,minmaxnorm
167,Q0,ZF108-702-924,240,20.239681779779264,minmaxnorm
167,Q0,AP890724-0215,241,19.9702620971659,minmaxnorm
167,Q0,WSJ871118-0155,242,19.94978959627047,minmaxnorm
167,Q0,AP881214-0230,243,19.876463817138262,minmaxnorm
167,Q0,AP891016-0225,244,19.79557295593667,minmaxnorm
167,Q0,AP890911-0210,245,19.755537481523245,minmaxnorm
167,Q0,WSJ870813-0008,246,19.68648382802301,minmaxnorm
167,Q0,AP880801-0223,247,19.67106977835882,minmaxnorm
167,Q0,WSJ871120-0057,248,19.528432487631868,minmaxnorm
167,Q0,AP880829-0200,249,19.471859549444126,minmaxnorm
167,Q0,WSJ870611-0068,250,19.440033381815134,minmaxnorm
167,Q0,AP881128-0242,251,19.412962089272256,minmaxnorm
167,Q0,WSJ880506-0130,252,19.302412193042418,minmaxnorm
167,Q0,WSJ871124-0095,253,19.22734931465312,minmaxnorm
167,Q0,AP890303-0080,254,18.943326207933385,minmaxnorm
167,Q0,WSJ880204-0115,255,18.942813940057068,minmaxnorm
167,Q0,WSJ870917-0119,256,18.80499565813583,minmaxnorm
167,Q0,AP890623-0014,257,18.73942598392897,minmaxnorm
167,Q0,AP891011-0005,258,18.671090144734276,minmaxnorm
167,Q0,AP890112-0211,259,18.66342913051011,minmaxnorm
167,Q0,AP880328-0219,260,18.61104799754392,minmaxnorm
167,Q0,AP881028-0042,261,18.590266500753412,minmaxnorm
167,Q0,AP891218-0223,262,18.552098484022704,minmaxnorm
167,Q0,AP890605-0134,263,18.4595884676923,minmaxnorm
167,Q0,AP880521-0073,264,18.43819165086687,minmaxnorm
167,Q0,AP890929-0251,265,18.414744150764243,minmaxnorm
167,Q0,WSJ870327-0036,266,18.247775778860273,minmaxnorm
167,Q0,AP890303-0156,267,18.232770397491457,minmaxnorm
167,Q0,WSJ880915-0038,268,18.15868772770926,minmaxnorm
167,Q0,DOE1-34-0232,269,18.102438642616413,minmaxnorm
167,Q0,WSJ900808-0030,270,18.071101462248585,minmaxnorm
167,Q0,AP880414-0169,271,18.069045422937055,minmaxnorm
167,Q0,WSJ900413-0077,272,18.00037647787285,minmaxnorm
167,Q0,WSJ911028-0004,273,17.960366059403455,minmaxnorm
167,Q0,DOE1-11-0243,274,17.881749070298703,minmaxnorm
167,Q0,AP890214-0218,275,17.86863925454748,minmaxnorm
167,Q0,AP890811-0239,276,17.747404459849687,minmaxnorm
167,Q0,AP890310-0076,277,17.697344049716023,minmaxnorm
167,Q0,WSJ880106-0063,278,17.64864985626853,minmaxnorm
167,Q0,WSJ870916-0094,279,17.560181566840672,minmaxnorm
167,Q0,ZF207-950-016,280,17.39945949291816,minmaxnorm
167,Q0,WSJ870202-0006,281,17.338739115909053,minmaxnorm
167,Q0,WSJ920203-0078,282,17.326056722130048,minmaxnorm
167,Q0,WSJ910925-0059,283,17.19155967582893,minmaxnorm
167,Q0,WSJ870213-0025,284,17.16456147104493,minmaxnorm
167,Q0,WSJ910725-0071,285,17.05122308824875,minmaxnorm
167,Q0,AP890302-0323,286,17.03635011174471,minmaxnorm
167,Q0,AP880309-0180,287,16.989161951605034,minmaxnorm
167,Q0,AP880705-0044,288,16.983623869885903,minmaxnorm
167,Q0,ZF207-155-830,289,16.93118663026676,minmaxnorm
167,Q0,WSJ880218-0094,290,16.83710507226764,minmaxnorm
167,Q0,ZF207-524-522,291,16.81963267240738,minmaxnorm
167,Q0,AP880617-0136,292,16.783635657390132,minmaxnorm
167,Q0,AP890407-0256,293,16.72287449238666,minmaxnorm
167,Q0,WSJ870107-0073,294,16.722563668452825,minmaxnorm
167,Q0,AP880823-0124,295,16.708568716659848,minmaxnorm
167,Q0,WSJ880229-0046,296,16.66056719002418,minmaxnorm
167,Q0,WSJ910212-0051,297,16.62905427128648,minmaxnorm
167,Q0,AP891003-0184,298,16.474914801730193,minmaxnorm
167,Q0,AP890203-0231,299,16.443380594204374,minmaxnorm
167,Q0,WSJ870710-0104,300,16.39523775427185,minmaxnorm
167,Q0,WSJ870527-0146,301,16.344546880939326,minmaxnorm
167,Q0,AP890828-0236,302,16.294121306899935,minmaxnorm
167,Q0,AP890125-0077,303,16.287764966233496,minmaxnorm
167,Q0,WSJ880817-0046,304,16.284844285678428,minmaxnorm
167,Q0,WSJ910121-0039,305,16.278822407799037,minmaxnorm
167,Q0,AP881015-0145,306,16.24442740531962,minmaxnorm
167,Q0,WSJ880722-0100,307,16.229460609187893,minmaxnorm
167,Q0,WSJ880518-0049,308,16.206115591620097,minmaxnorm
167,Q0,WSJ871231-0147,309,16.201055208274695,minmaxnorm
167,Q0,AP881115-0056,310,16.198607587517714,minmaxnorm
167,Q0,AP880712-0220,311,16.13860298790736,minmaxnorm
167,Q0,AP880425-0185,312,16.126016191254518,minmaxnorm
167,Q0,WSJ900525-0096,313,16.117150715933,minmaxnorm
167,Q0,AP880909-0091,314,16.101962251419124,minmaxnorm
167,Q0,AP880322-0253,315,16.08530626881803,minmaxnorm
167,Q0,WSJ920113-0018,316,16.033222721786537,minmaxnorm
167,Q0,WSJ890803-0090,317,16.005143789109823,minmaxnorm
167,Q0,AP880321-0009,318,15.97754620988683,minmaxnorm
167,Q0,WSJ891004-0055,319,15.807925193108073,minmaxnorm
167,Q0,WSJ920128-0138,320,15.780833514574624,minmaxnorm
167,Q0,AP890127-0238,321,15.780361685951362,minmaxnorm
167,Q0,AP880829-0214,322,15.774461130331701,minmaxnorm
167,Q0,DOE2-32-1044,323,15.770329558112657,minmaxnorm
167,Q0,DOE1-01-1015,324,15.751727075072216,minmaxnorm
167,Q0,AP891101-0249,325,15.633800121672342,minmaxnorm
167,Q0,AP891226-0151,326,15.621321834196324,minmaxnorm
167,Q0,AP880822-0231,327,15.548317745517776,minmaxnorm
167,Q0,DOE1-78-0433,328,15.497036906600089,minmaxnorm
167,Q0,AP890403-0141,329,15.48216505560846,minmaxnorm
167,Q0,AP890504-0055,330,15.417580486877224,minmaxnorm
167,Q0,WSJ870515-0047,331,15.41479652358923,minmaxnorm
167,Q0,ZF109-415-891,332,15.388950325459557,minmaxnorm
167,Q0,AP880630-0130,333,15.387269808920504,minmaxnorm
167,Q0,WSJ910104-0068,334,15.36320924188128,minmaxnorm
167,Q0,WSJ870730-0097,335,15.220249175969624,minmaxnorm
167,Q0,WSJ870313-0014,336,15.185457752746718,minmaxnorm
167,Q0,AP890125-0115,337,15.165158286219445,minmaxnorm
167,Q0,WSJ880301-0109,338,15.163976007302594,minmaxnorm
167,Q0,WSJ880210-0093,339,15.091641786425248,minmaxnorm
167,Q0,AP880417-0072,340,15.085454163125428,minmaxnorm
167,Q0,WSJ880121-0080,341,15.02841544388215,minmaxnorm
167,Q0,AP890519-0221,342,14.983775623715848,minmaxnorm
167,Q0,WSJ881006-0020,343,14.982831616579604,minmaxnorm
167,Q0,AP890803-0231,344,14.927914916461356,minmaxnorm
167,Q0,WSJ911001-0050,345,14.924207959344844,minmaxnorm
167,Q0,AP890410-0186,346,14.874494239262182,minmaxnorm
167,Q0,ZF207-106-326,347,14.816605879995722,minmaxnorm
167,Q0,ZF109-835-061,348,14.801081896763751,minmaxnorm
167,Q0,AP880624-0269,349,14.775129510427233,minmaxnorm
167,Q0,WSJ911010-0052,350,14.686647247970066,minmaxnorm
167,Q0,AP890718-0064,351,14.678109466024761,minmaxnorm
167,Q0,AP890516-0171,352,14.674487709805057,minmaxnorm
167,Q0,WSJ910715-0014,353,14.59539688642616,minmaxnorm
167,Q0,AP880422-0123,354,14.584902388799424,minmaxnorm
167,Q0,AP890515-0281,355,14.582339725730844,minmaxnorm
167,Q0,WSJ890907-0133,356,14.537161383009876,minmaxnorm
167,Q0,AP880811-0220,357,14.535903783848582,minmaxnorm
167,Q0,WSJ910508-0093,358,14.45235582763832,minmaxnorm
167,Q0,AP881212-0237,359,14.373891793503578,minmaxnorm
167,Q0,AP881025-0116,360,14.348345988188735,minmaxnorm
167,Q0,WSJ891011-0156,361,14.273505235241506,minmaxnorm
167,Q0,WSJ861208-0100,362,14.18000432115514,minmaxnorm
167,Q0,WSJ880218-0087,363,14.174366979223162,minmaxnorm
167,Q0,DOE2-84-0514,364,14.158188551822352,minmaxnorm
167,Q0,WSJ880328-0118,365,14.143470379753746,minmaxnorm
167,Q0,AP880222-0228,366,14.074078473203636,minmaxnorm
167,Q0,WSJ900601-0010,367,14.024512607833689,minmaxnorm
167,Q0,WSJ911224-0004,368,14.017773437392103,minmaxnorm
167,Q0,WSJ880923-0094,369,14.01632914198232,minmaxnorm
167,Q0,AP880624-0272,370,14.00316263011558,minmaxnorm
167,Q0,AP891218-0200,371,13.893039968127423,minmaxnorm
167,Q0,AP880523-0239,372,13.886848221718514,minmaxnorm
167,Q0,WSJ911114-0075,373,13.858873945012704,minmaxnorm
167,Q0,ZF109-543-541,374,13.853052296812221,minmaxnorm
167,Q0,WSJ870217-0049,375,13.841182814132562,minmaxnorm
167,Q0,ZF207-412-488,376,13.822488184074976,minmaxnorm
167,Q0,WSJ880314-0106,377,13.801163363525855,minmaxnorm
167,Q0,WSJ910103-0115,378,13.758689162939284,minmaxnorm
167,Q0,WSJ910530-0057,379,13.737733175237281,minmaxnorm
167,Q0,AP890503-0050,380,13.72971972917683,minmaxnorm
167,Q0,WSJ870330-0047,381,13.690314173415999,minmaxnorm
167,Q0,WSJ910830-0058,382,13.667561996508523,minmaxnorm
167,Q0,AP880516-0242,383,13.66545684018177,minmaxnorm
167,Q0,WSJ890914-0147,384,13.63587155658602,minmaxnorm
167,Q0,WSJ890811-0075,385,13.61897708098529,minmaxnorm
167,Q0,WSJ910206-0078,386,13.602317117081725,minmaxnorm
167,Q0,WSJ870126-0074,387,13.579157527136097,minmaxnorm
167,Q0,AP890713-0242,388,13.44510567162012,minmaxnorm
167,Q0,WSJ911219-0048,389,13.384519975995799,minmaxnorm
167,Q0,AP881129-0268,390,13.30343266409874,minmaxnorm
167,Q0,WSJ870319-0030,391,13.286210552823048,minmaxnorm
167,Q0,DOE1-93-0295,392,13.258706612124481,minmaxnorm
167,Q0,WSJ880203-0138,393,13.195745821266122,minmaxnorm
167,Q0,WSJ880912-0083,394,13.166605365078919,minmaxnorm
167,Q0,WSJ880915-0171,395,13.138193060737756,minmaxnorm
167,Q0,WSJ920224-0128,396,13.103638443129059,minmaxnorm
167,Q0,WSJ910808-0090,397,13.064067545015957,minmaxnorm
167,Q0,AP880328-0218,398,13.059213494262448,minmaxnorm
167,Q0,WSJ880706-0072,399,13.05525572038007,minmaxnorm
167,Q0,AP890503-0308,400,13.052311425928162,minmaxnorm
167,Q0,AP881003-0297,401,13.038037892485365,minmaxnorm
167,Q0,AP880818-0167,402,12.96152306636064,minmaxnorm
167,Q0,AP891226-0165,403,12.95550371485514,minmaxnorm
167,Q0,WSJ880308-0079,404,12.927224797411188,minmaxnorm
167,Q0,ZF207-191-990,405,12.915080404738047,minmaxnorm
167,Q0,WSJ910808-0094,406,12.878103622059385,minmaxnorm
167,Q0,WSJ910618-0126,407,12.863312843065751,minmaxnorm
167,Q0,ZF109-676-559,408,12.829441692207878,minmaxnorm
167,Q0,AP880303-0165,409,12.816537745675156,minmaxnorm
167,Q0,WSJ900503-0132,410,12.769027081555842,minmaxnorm
167,Q0,WSJ891004-0105,411,12.740259239919697,minmaxnorm
167,Q0,WSJ870306-0149,412,12.72889230186633,minmaxnorm
167,Q0,AP890418-0324,413,12.71982795610789,minmaxnorm
167,Q0,ZF109-720-107,414,12.658506283716497,minmaxnorm
167,Q0,AP881118-0185,415,12.657494369271621,minmaxnorm
167,Q0,ZF207-955-554,416,12.634047883113247,minmaxnorm
167,Q0,AP880926-0229,417,12.62395978967227,minmaxnorm
167,Q0,AP890530-0237,418,12.61976020365999,minmaxnorm
167,Q0,AP881121-0232,419,12.61120718067727,minmaxnorm
167,Q0,AP890119-0277,420,12.602324319727876,minmaxnorm
167,Q0,AP891004-0147,421,12.566245832742155,minmaxnorm
167,Q0,AP880623-0147,422,12.562714499342484,minmaxnorm
167,Q0,AP880525-0055,423,12.525043272221923,minmaxnorm
167,Q0,WSJ910306-0141,424,12.50848317098506,minmaxnorm
167,Q0,AP890731-0150,425,12.384196866329866,minmaxnorm
167,Q0,WSJ880519-0104,426,12.360887987034305,minmaxnorm
167,Q0,WSJ870825-0072,427,12.323480613063726,minmaxnorm
167,Q0,WSJ861201-0091,428,12.304962575872342,minmaxnorm
167,Q0,AP881108-0021,429,12.298464607199383,minmaxnorm
167,Q0,AP881114-0206,430,12.280813476171765,minmaxnorm
167,Q0,AP890512-0225,431,12.276928746002838,minmaxnorm
167,Q0,AP881004-0071,432,12.252913606668493,minmaxnorm
167,Q0,AP891111-0004,433,12.247388619996425,minmaxnorm
167,Q0,AP880808-0186,434,12.199823732527358,minmaxnorm
167,Q0,AP880812-0053,435,12.19057625476704,minmaxnorm
167,Q0,WSJ910510-0082,436,12.189619601973368,minmaxnorm
167,Q0,AP880229-0033,437,12.122142345690461,minmaxnorm
167,Q0,WSJ880308-0089,438,12.120580325781114,minmaxnorm
167,Q0,DOE2-33-1331,439,12.090328445732341,minmaxnorm
167,Q0,ZF207-230-509,440,12.063852121576549,minmaxnorm
167,Q0,DOE2-61-0183,441,12.058147668102052,minmaxnorm
167,Q0,AP890127-0039,442,12.039767300458337,minmaxnorm
167,Q0,AP880613-0085,443,11.932321674367271,minmaxnorm
167,Q0,AP880505-0262,444,11.915394813755158,minmaxnorm
167,Q0,DOE2-07-0723,445,11.887792311276115,minmaxnorm
167,Q0,DOE1-78-0747,446,11.875447526490824,minmaxnorm
167,Q0,AP880719-0264,447,11.839860753671163,minmaxnorm
167,Q0,AP890419-0007,448,11.785845367669886,minmaxnorm
167,Q0,AP881205-0219,449,11.776250940093226,minmaxnorm
167,Q0,AP880322-0151,450,11.73947754427458,minmaxnorm
167,Q0,ZF109-594-043,451,11.729164096033681,minmaxnorm
167,Q0,WSJ900717-0023,452,11.725336405974708,minmaxnorm
167,Q0,WSJ880922-0032,453,11.68541260941369,minmaxnorm
167,Q0,WSJ870924-0143,454,11.680946688365886,minmaxnorm
167,Q0,AP890928-0258,455,11.643312124716742,minmaxnorm
167,Q0,WSJ881014-0114,456,11.60785033953164,minmaxnorm
167,Q0,WSJ900410-0103,457,11.601859816763263,minmaxnorm
167,Q0,ZF109-563-027,458,11.543956400800395,minmaxnorm
167,Q0,WSJ881004-0089,459,11.543539645303674,minmaxnorm
167,Q0,WSJ880928-0045,460,11.524949974162706,minmaxnorm
167,Q0,WSJ910214-0006,461,11.524572470711911,minmaxnorm
167,Q0,WSJ870903-0016,462,11.523308574039639,minmaxnorm
167,Q0,WSJ900702-0113,463,11.522437638826823,minmaxnorm
167,Q0,WSJ920124-0133,464,11.52197332537926,minmaxnorm
167,Q0,ZF207-834-462,465,11.520957174232457,minmaxnorm
167,Q0,AP880506-0094,466,11.501244141304632,minmaxnorm
167,Q0,AP890414-0231,467,11.428440050369831,minmaxnorm
167,Q0,WSJ880802-0061,468,11.408974995996868,minmaxnorm
167,Q0,WSJ880229-0055,469,11.379264209101652,minmaxnorm
167,Q0,AP890804-0122,470,11.361797247243858,minmaxnorm
167,Q0,AP890922-0032,471,11.342743781593814,minmaxnorm
167,Q0,AP890516-0241,472,11.313030091756522,minmaxnorm
167,Q0,AP880812-0131,473,11.290277752573171,minmaxnorm
167,Q0,WSJ911127-0039,474,11.283551119080537,minmaxnorm
167,Q0,AP880919-0224,475,11.275744146719381,minmaxnorm
167,Q0,WSJ890731-0002,476,11.256422361716407,minmaxnorm
167,Q0,WSJ911104-0087,477,11.192516656137494,minmaxnorm
167,Q0,WSJ900518-0003,478,11.101753975055201,minmaxnorm
167,Q0,AP890519-0006,479,11.076165247085893,minmaxnorm
167,Q0,AP890623-0103,480,11.038302346992904,minmaxnorm
167,Q0,ZF108-723-234,481,11.014303629440956,minmaxnorm
167,Q0,WSJ900525-0004,482,10.966417341597207,minmaxnorm
167,Q0,WSJ910614-0046,483,10.938584684941446,minmaxnorm
167,Q0,ZF108-634-634,484,10.863692927694913,minmaxnorm
167,Q0,AP880412-0218,485,10.852767921101721,minmaxnorm
167,Q0,WSJ890915-0135,486,10.811047560857883,minmaxnorm
167,Q0,ZF108-674-372,487,10.80879051758626,minmaxnorm
167,Q0,ZF207-425-440,488,10.783093507699228,minmaxnorm
167,Q0,WSJ881103-0094,489,10.781715803234121,minmaxnorm
167,Q0,FR88105-0023,490,10.778412174135969,minmaxnorm
167,Q0,AP890221-0084,491,10.773463680651565,minmaxnorm
167,Q0,WSJ881007-0025,492,10.772712707536542,minmaxnorm
167,Q0,ZF108-012-902,493,10.761854818305512,minmaxnorm
167,Q0,WSJ910911-0034,494,10.75721845599954,minmaxnorm
167,Q0,WSJ900912-0036,495,10.731565110814744,minmaxnorm
167,Q0,AP880429-0256,496,10.70494010482646,minmaxnorm
167,Q0,AP881226-0151,497,10.695317950784533,minmaxnorm
167,Q0,AP890712-0222,498,10.670772168995065,minmaxnorm
167,Q0,AP890830-0195,499,10.662270472453747,minmaxnorm
167,Q0,WSJ910305-0111,500,10.639870231490535,minmaxnorm
167,Q0,AP880510-0266,501,10.626069322380864,minmaxnorm
167,Q0,AP880425-0254,502,10.598498864899701,minmaxnorm
167,Q0,AP880620-0235,503,10.589794981093041,minmaxnorm
167,Q0,AP890313-0028,504,10.549074174831848,minmaxnorm
167,Q0,AP880517-0242,505,10.519455534467806,minmaxnorm
167,Q0,WSJ880315-0081,506,10.50360297862192,minmaxnorm
167,Q0,WSJ871223-0122,507,10.483246271809534,minmaxnorm
167,Q0,WSJ881003-0012,508,10.47943789563957,minmaxnorm
167,Q0,WSJ890818-0152,509,10.468789142061702,minmaxnorm
167,Q0,ZF108-021-926,510,10.460148705344597,minmaxnorm
167,Q0,WSJ910604-0131,511,10.419659571690426,minmaxnorm
167,Q0,AP880902-0234,512,10.40109077030183,minmaxnorm
167,Q0,AP890313-0049,513,10.36915030779443,minmaxnorm
167,Q0,FR88916-0032,514,10.346817142858882,minmaxnorm
167,Q0,WSJ890926-0095,515,10.345320900078539,minmaxnorm
167,Q0,AP880615-0193,516,10.34465025699777,minmaxnorm
167,Q0,DOE1-39-1306,517,10.344241463910656,minmaxnorm
167,Q0,FR89227-0024,518,10.335631589618254,minmaxnorm
167,Q0,WSJ880808-0036,519,10.25998593340213,minmaxnorm
167,Q0,AP880620-0237,520,10.255318346419841,minmaxnorm
167,Q0,AP890302-0229,521,10.248107234242363,minmaxnorm
167,Q0,WSJ910311-0159,522,10.2102669642835,minmaxnorm
167,Q0,WSJ911122-0022,523,10.209064901696053,minmaxnorm
167,Q0,WSJ900608-0012,524,10.188660329270231,minmaxnorm
167,Q0,WSJ910306-0018,525,10.165393905905495,minmaxnorm
167,Q0,AP890325-0046,526,10.129475669652436,minmaxnorm
167,Q0,AP890209-0211,527,10.121246177974163,minmaxnorm
167,Q0,AP880318-0187,528,10.104333254863429,minmaxnorm
167,Q0,WSJ911104-0164,529,10.101235066008993,minmaxnorm
167,Q0,AP890620-0273,530,10.061263589645643,minmaxnorm
167,Q0,AP891019-0269,531,10.05507803707215,minmaxnorm
167,Q0,ZF109-740-571,532,10.028295649597899,minmaxnorm
167,Q0,WSJ910401-0045,533,10.014824954788004,minmaxnorm
167,Q0,AP890511-0120,534,10.010710610055963,minmaxnorm
167,Q0,ZF109-587-619,535,9.993561890572648,minmaxnorm
167,Q0,ZF108-034-700,536,9.988394960776816,minmaxnorm
167,Q0,AP881027-0235,537,9.982330641091414,minmaxnorm
167,Q0,AP890202-0249,538,9.956609687161613,minmaxnorm
167,Q0,WSJ920312-0122,539,9.898500554409834,minmaxnorm
167,Q0,AP881005-0236,540,9.884452411889932,minmaxnorm
167,Q0,WSJ881028-0020,541,9.819793643557336,minmaxnorm
167,Q0,AP880215-0226,542,9.819351929623718,minmaxnorm
167,Q0,AP890905-0225,543,9.772109109013384,minmaxnorm
167,Q0,AP890905-0185,544,9.739431935689721,minmaxnorm
167,Q0,ZF207-583-660,545,9.738550029589012,minmaxnorm
167,Q0,WSJ910322-0005,546,9.735282792698417,minmaxnorm
167,Q0,AP880814-0004,547,9.704034566420702,minmaxnorm
167,Q0,WSJ900412-0122,548,9.699600225619452,minmaxnorm
167,Q0,AP891101-0220,549,9.693001024578779,minmaxnorm
167,Q0,WSJ880815-0038,550,9.683733216559224,minmaxnorm
167,Q0,AP880711-0187,551,9.67135344884328,minmaxnorm
167,Q0,AP881114-0205,552,9.66092049902493,minmaxnorm
167,Q0,WSJ870512-0061,553,9.65277783514469,minmaxnorm
167,Q0,AP890111-0043,554,9.64020453860659,minmaxnorm
167,Q0,AP880831-0241,555,9.63240405213981,minmaxnorm
167,Q0,WSJ910213-0049,556,9.631272480130578,minmaxnorm
167,Q0,AP890517-0217,557,9.62983148761057,minmaxnorm
167,Q0,WSJ870624-0151,558,9.627487615135605,minmaxnorm
167,Q0,AP890317-0002,559,9.605563731894865,minmaxnorm
167,Q0,AP880426-0027,560,9.594269824962494,minmaxnorm
167,Q0,AP890314-0229,561,9.588464585028388,minmaxnorm
167,Q0,ZF108-093-762,562,9.58006545458212,minmaxnorm
167,Q0,AP890328-0178,563,9.544867465972745,minmaxnorm
167,Q0,WSJ890828-0100,564,9.538674043917494,minmaxnorm
167,Q0,ZF207-699-960,565,9.527926530737414,minmaxnorm
167,Q0,WSJ900503-0150,566,9.524495190084648,minmaxnorm
167,Q0,WSJ900628-0003,567,9.510801955458913,minmaxnorm
167,Q0,WSJ920305-0028,568,9.493135569554331,minmaxnorm
167,Q0,WSJ910610-0070,569,9.46867772806144,minmaxnorm
167,Q0,WSJ900402-0018,570,9.462100534215114,minmaxnorm
167,Q0,WSJ910627-0108,571,9.41578387675221,minmaxnorm
167,Q0,WSJ880125-0019,572,9.413305542179398,minmaxnorm
167,Q0,AP891009-0177,573,9.410903768349545,minmaxnorm
167,Q0,WSJ880915-0114,574,9.39739921608689,minmaxnorm
167,Q0,WSJ890823-0023,575,9.3685075444162,minmaxnorm
167,Q0,WSJ870115-0067,576,9.352578827166576,minmaxnorm
167,Q0,WSJ880211-0040,577,9.34846076485516,minmaxnorm
167,Q0,WSJ890928-0171,578,9.303476148358339,minmaxnorm
167,Q0,FR89403-0009,579,9.29675572568839,minmaxnorm
167,Q0,AP880624-0047,580,9.295990863035085,minmaxnorm
167,Q0,AP890802-0238,581,9.294823896120338,minmaxnorm
167,Q0,WSJ870220-0081,582,9.279587392155099,minmaxnorm
167,Q0,AP890103-0203,583,9.22105425448538,minmaxnorm
167,Q0,WSJ910318-0098,584,9.21538117738617,minmaxnorm
167,Q0,ZF108-474-920,585,9.17697764758783,minmaxnorm
167,Q0,AP890731-0202,586,9.174165442062275,minmaxnorm
167,Q0,ZF207-511-908,587,9.165568594620709,minmaxnorm
167,Q0,AP890124-0196,588,9.16419589855604,minmaxnorm
167,Q0,AP890125-0014,589,9.16144279709392,minmaxnorm
167,Q0,AP880801-0034,590,9.157784132120037,minmaxnorm
167,Q0,AP890322-0332,591,9.157659542137452,minmaxnorm
167,Q0,AP890208-0154,592,9.151363589087591,minmaxnorm
167,Q0,WSJ911101-0017,593,9.112299075303486,minmaxnorm
167,Q0,WSJ870903-0065,594,9.112241063982223,minmaxnorm
167,Q0,AP881031-0078,595,9.082489984810236,minmaxnorm
167,Q0,AP890227-0255,596,9.075499223593429,minmaxnorm
167,Q0,ZF108-356-932,597,9.067915754993113,minmaxnorm
167,Q0,WSJ911118-0063,598,9.06660007414408,minmaxnorm
167,Q0,WSJ911223-0155,599,9.062205166325802,minmaxnorm
167,Q0,DOE2-46-0049,600,8.996824283824804,minmaxnorm
167,Q0,WSJ880105-0001,601,8.986080314318192,minmaxnorm
167,Q0,AP890501-0022,602,8.98274262739821,minmaxnorm
167,Q0,DOE2-46-0306,603,8.972628312446291,minmaxnorm
167,Q0,ZF108-541-684,604,8.963102234075716,minmaxnorm
167,Q0,ZF108-589-930,605,8.94992629346349,minmaxnorm
167,Q0,WSJ920316-0111,606,8.945486816663307,minmaxnorm
167,Q0,AP890112-0073,607,8.911888774029226,minmaxnorm
167,Q0,WSJ911205-0078,608,8.89730078392709,minmaxnorm
167,Q0,AP890322-0283,609,8.885616451223452,minmaxnorm
167,Q0,AP890717-0190,610,8.864293842927994,minmaxnorm
167,Q0,DOE1-35-1195,611,8.85937930447237,minmaxnorm
167,Q0,DOE2-46-0765,612,8.841943611131756,minmaxnorm
167,Q0,WSJ900406-0085,613,8.84093073286497,minmaxnorm
167,Q0,AP890504-0177,614,8.840217416836945,minmaxnorm
167,Q0,DOE2-46-0751,615,8.83726687100878,minmaxnorm
167,Q0,AP881219-0217,616,8.826002370583325,minmaxnorm
167,Q0,WSJ880914-0092,617,8.820202664745006,minmaxnorm
167,Q0,AP890710-0217,618,8.817317673787862,minmaxnorm
167,Q0,AP890420-0093,619,8.812053550571775,minmaxnorm
167,Q0,DOE2-46-0750,620,8.807071661585088,minmaxnorm
167,Q0,AP891217-0029,621,8.80430398008911,minmaxnorm
167,Q0,WSJ890818-0061,622,8.798301985458862,minmaxnorm
167,Q0,ZF207-681-634,623,8.787422661547662,minmaxnorm
167,Q0,WSJ880609-0091,624,8.780010338913165,minmaxnorm
167,Q0,AP880225-0164,625,8.776714273323696,minmaxnorm
167,Q0,DOE2-46-0748,626,8.765185804512209,minmaxnorm
167,Q0,AP891002-0170,627,8.749979874745863,minmaxnorm
167,Q0,DOE2-46-0732,628,8.747502643204912,minmaxnorm
167,Q0,WSJ911008-0083,629,8.744863608160736,minmaxnorm
167,Q0,AP880810-0088,630,8.732901721815015,minmaxnorm
167,Q0,AP891109-0241,631,8.723716003545407,minmaxnorm
167,Q0,DOE2-46-0720,632,8.719124304771348,minmaxnorm
167,Q0,ZF110-374-520,633,8.70760356289832,minmaxnorm
167,Q0,WSJ900723-0149,634,8.701708823241553,minmaxnorm
167,Q0,DOE2-46-0518,635,8.685346531084281,minmaxnorm
167,Q0,DOE2-46-0468,636,8.672068003481057,minmaxnorm
167,Q0,AP880311-0227,637,8.66120466175211,minmaxnorm
167,Q0,DOE2-46-0463,638,8.657834715421217,minmaxnorm
167,Q0,AP890125-0055,639,8.628252502749493,minmaxnorm
167,Q0,AP880818-0005,640,8.623345213367259,minmaxnorm
167,Q0,DOE2-46-0261,641,8.619652977003575,minmaxnorm
167,Q0,DOE2-46-0297,642,8.61461455482859,minmaxnorm
167,Q0,AP891023-0225,643,8.592951947847903,minmaxnorm
167,Q0,WSJ891006-0128,644,8.589653476802086,minmaxnorm
167,Q0,DOE2-45-1202,645,8.574103711341767,minmaxnorm
167,Q0,DOE2-45-1200,646,8.563541225231418,minmaxnorm
167,Q0,WSJ870311-0113,647,8.559882019418382,minmaxnorm
167,Q0,WSJ890818-0073,648,8.555346069404374,minmaxnorm
167,Q0,WSJ880520-0100,649,8.55348900240538,minmaxnorm
167,Q0,WSJ880830-0033,650,8.54596245354384,minmaxnorm
167,Q0,AP891204-0210,651,8.545708630090019,minmaxnorm
167,Q0,WSJ870616-0076,652,8.53900028007695,minmaxnorm
167,Q0,WSJ910410-0170,653,8.523275420737653,minmaxnorm
167,Q0,AP881230-0007,654,8.50678794653177,minmaxnorm
167,Q0,AP891025-0006,655,8.480097245572331,minmaxnorm
167,Q0,ZF207-298-314,656,8.476549370193766,minmaxnorm
167,Q0,AP880823-0041,657,8.474988508630291,minmaxnorm
167,Q0,DOE1-39-0548,658,8.457084484087682,minmaxnorm
167,Q0,WSJ910919-0144,659,8.454033641642292,minmaxnorm
167,Q0,AP890206-0220,660,8.450491921457273,minmaxnorm
167,Q0,WSJ910709-0107,661,8.442776418838218,minmaxnorm
167,Q0,WSJ920130-0105,662,8.43865020342624,minmaxnorm
167,Q0,DOE1-93-0892,663,8.402400810302963,minmaxnorm
167,Q0,ZF108-767-348,664,8.396382325980504,minmaxnorm
167,Q0,WSJ870212-0147,665,8.385895485278864,minmaxnorm
167,Q0,WSJ900607-0143,666,8.384363810001904,minmaxnorm
167,Q0,WSJ901226-0035,667,8.380285349715416,minmaxnorm
167,Q0,WSJ880310-0037,668,8.330840049847513,minmaxnorm
167,Q0,WSJ911224-0005,669,8.330205340329801,minmaxnorm
167,Q0,WSJ880608-0071,670,8.302703353949795,minmaxnorm
167,Q0,ZF207-599-626,671,8.270671056924874,minmaxnorm
167,Q0,WSJ900919-0066,672,8.26332339788102,minmaxnorm
167,Q0,AP890624-0011,673,8.232387743052001,minmaxnorm
167,Q0,AP890602-0061,674,8.228065521083279,minmaxnorm
167,Q0,ZF109-699-791,675,8.200971346196276,minmaxnorm
167,Q0,AP890816-0047,676,8.19816607718627,minmaxnorm
167,Q0,WSJ880516-0024,677,8.192461025626368,minmaxnorm
167,Q0,WSJ880802-0140,678,8.167497592288925,minmaxnorm
167,Q0,AP880330-0025,679,8.163554316174658,minmaxnorm
167,Q0,AP890928-0059,680,8.146693299638534,minmaxnorm
167,Q0,AP880728-0130,681,8.100722192041145,minmaxnorm
167,Q0,WSJ910701-0016,682,8.08164697414573,minmaxnorm
167,Q0,WSJ871120-0131,683,8.072182012247096,minmaxnorm
167,Q0,DOE2-12-1065,684,8.059593533805835,minmaxnorm
167,Q0,AP880616-0009,685,8.054432971075965,minmaxnorm
167,Q0,WSJ861201-0049,686,8.026399703328426,minmaxnorm
167,Q0,AP880808-0185,687,8.02599772645601,minmaxnorm
167,Q0,WSJ910424-0091,688,8.020783499820116,minmaxnorm
167,Q0,AP890519-0171,689,8.015451357658586,minmaxnorm
167,Q0,AP880425-0096,690,7.978657576569402,minmaxnorm
167,Q0,WSJ911108-0097,691,7.963835306454092,minmaxnorm
167,Q0,AP880723-0019,692,7.947802863348026,minmaxnorm
167,Q0,AP880308-0303,693,7.942792531562405,minmaxnorm
167,Q0,ZF109-502-389,694,7.935774489055089,minmaxnorm
167,Q0,AP891220-0281,695,7.894314291013488,minmaxnorm
167,Q0,AP890123-0015,696,7.856323029253085,minmaxnorm
167,Q0,AP880816-0121,697,7.839587598356584,minmaxnorm
167,Q0,WSJ880108-0092,698,7.837400386522729,minmaxnorm
167,Q0,AP881121-0233,699,7.816225805754141,minmaxnorm
167,Q0,WSJ910815-0081,700,7.785826089471289,minmaxnorm
167,Q0,AP890822-0164,701,7.777420818403051,minmaxnorm
167,Q0,WSJ910308-0039,702,7.7739822486996255,minmaxnorm
167,Q0,AP880420-0148,703,7.762275907211096,minmaxnorm
167,Q0,AP890117-0218,704,7.761847357741651,minmaxnorm
167,Q0,WSJ880418-0060,705,7.744931625614816,minmaxnorm
167,Q0,AP880326-0080,706,7.699854764286177,minmaxnorm
167,Q0,ZF108-782-886,707,7.695088961326455,minmaxnorm
167,Q0,AP880212-0116,708,7.693685730616616,minmaxnorm
167,Q0,WSJ880524-0002,709,7.6823978769616525,minmaxnorm
167,Q0,WSJ880519-0144,710,7.670880369119853,minmaxnorm
167,Q0,AP890608-0278,711,7.659046128192987,minmaxnorm
167,Q0,AP880705-0247,712,7.655311238610446,minmaxnorm
167,Q0,WSJ880701-0054,713,7.654025216779121,minmaxnorm
167,Q0,ZF207-453-200,714,7.642621091086743,minmaxnorm
167,Q0,WSJ870623-0005,715,7.615672268430474,minmaxnorm
167,Q0,WSJ910830-0160,716,7.594840177527905,minmaxnorm
167,Q0,AP890110-0128,717,7.594317995166446,minmaxnorm
167,Q0,DOE2-80-0597,718,7.583945272150254,minmaxnorm
167,Q0,AP890724-0084,719,7.569457981692933,minmaxnorm
167,Q0,WSJ870415-0043,720,7.568849314849155,minmaxnorm
167,Q0,DOE2-76-0672,721,7.565901097764442,minmaxnorm
167,Q0,DOE2-76-0521,722,7.550211951792992,minmaxnorm
167,Q0,AP890809-0220,723,7.5387920215647455,minmaxnorm
167,Q0,AP890202-0250,724,7.529773554218482,minmaxnorm
167,Q0,WSJ871029-0112,725,7.52667083129464,minmaxnorm
167,Q0,AP880623-0021,726,7.489235941489053,minmaxnorm
167,Q0,WSJ870701-0056,727,7.470618934082408,minmaxnorm
167,Q0,DOE2-75-0148,728,7.466756797395945,minmaxnorm
167,Q0,WSJ890807-0124,729,7.446007726949928,minmaxnorm
167,Q0,ZF109-442-485,730,7.4404915151075155,minmaxnorm
167,Q0,WSJ871009-0079,731,7.433325081614626,minmaxnorm
167,Q0,DOE2-73-0511,732,7.412056450205595,minmaxnorm
167,Q0,AP890525-0120,733,7.401039752757711,minmaxnorm
167,Q0,DOE2-72-0970,734,7.399492555398837,minmaxnorm
167,Q0,AP891002-0277,735,7.38828074534665,minmaxnorm
167,Q0,DOE2-43-0976,736,7.387443159166072,minmaxnorm
167,Q0,DOE2-61-1244,737,7.379595119027151,minmaxnorm
167,Q0,DOE2-72-0957,738,7.374405475851628,minmaxnorm
167,Q0,WSJ910509-0138,739,7.370022783357125,minmaxnorm
167,Q0,ZF207-080-674,740,7.367249057774696,minmaxnorm
167,Q0,DOE2-54-0066,741,7.36522174659083,minmaxnorm
167,Q0,AP880822-0230,742,7.361272537529903,minmaxnorm
167,Q0,AP880721-0251,743,7.346687220736555,minmaxnorm
167,Q0,WSJ920219-0165,744,7.335265822083639,minmaxnorm
167,Q0,WSJ890919-0063,745,7.33201699164508,minmaxnorm
167,Q0,DOE2-44-1227,746,7.321375190887849,minmaxnorm
167,Q0,DOE2-41-0231,747,7.2791986974114415,minmaxnorm
167,Q0,DOE2-42-1171,748,7.278825878735377,minmaxnorm
167,Q0,AP880313-0081,749,7.264083351970076,minmaxnorm
167,Q0,WSJ880304-0156,750,7.263060270055543,minmaxnorm
167,Q0,WSJ900402-0155,751,7.251444230397905,minmaxnorm
167,Q0,WSJ890905-0088,752,7.240113251940289,minmaxnorm
167,Q0,AP880423-0140,753,7.2297021699678075,minmaxnorm
167,Q0,DOE2-42-1158,754,7.229465726747598,minmaxnorm
167,Q0,AP880719-0247,755,7.20075191902784,minmaxnorm
167,Q0,WSJ880509-0106,756,7.174865274231499,minmaxnorm
167,Q0,AP890421-0215,757,7.16999322045996,minmaxnorm
167,Q0,AP890528-0039,758,7.133846792108216,minmaxnorm
167,Q0,ZF207-325-903,759,7.129797779503642,minmaxnorm
167,Q0,FR88929-0047,760,7.092724674097747,minmaxnorm
167,Q0,ZF108-541-750,761,7.085186283628849,minmaxnorm
167,Q0,AP890802-0143,762,7.078131125133669,minmaxnorm
167,Q0,ZF108-556-634,763,6.97267604027018,minmaxnorm
167,Q0,WSJ871116-0021,764,6.939683345464767,minmaxnorm
167,Q0,AP890914-0045,765,6.930170000926352,minmaxnorm
167,Q0,WSJ880210-0067,766,6.914284790461135,minmaxnorm
167,Q0,AP880415-0224,767,6.914059650371624,minmaxnorm
167,Q0,AP880912-0218,768,6.883850971884715,minmaxnorm
167,Q0,AP880502-0257,769,6.8543579657823415,minmaxnorm
167,Q0,WSJ900621-0122,770,6.83753072956968,minmaxnorm
167,Q0,AP880610-0276,771,6.824462008116103,minmaxnorm
167,Q0,AP890818-0109,772,6.821230014477141,minmaxnorm
167,Q0,WSJ891005-0120,773,6.818700785039462,minmaxnorm
167,Q0,WSJ900906-0092,774,6.816893245441414,minmaxnorm
167,Q0,AP880630-0111,775,6.815119475952923,minmaxnorm
167,Q0,AP880628-0258,776,6.790873272905841,minmaxnorm
167,Q0,ZF207-482-398,777,6.782393989315434,minmaxnorm
167,Q0,WSJ880113-0053,778,6.758621207245486,minmaxnorm
167,Q0,WSJ880520-0015,779,6.755449554271926,minmaxnorm
167,Q0,WSJ880511-0101,780,6.750868193308606,minmaxnorm
167,Q0,ZF207-517-414,781,6.734044686441785,minmaxnorm
167,Q0,AP891107-0263,782,6.693353832958528,minmaxnorm
167,Q0,AP890902-0052,783,6.689109470827106,minmaxnorm
167,Q0,WSJ880926-0090,784,6.685946256242421,minmaxnorm
167,Q0,WSJ910130-0132,785,6.654274640368573,minmaxnorm
167,Q0,DOE2-77-0905,786,6.641009492168461,minmaxnorm
167,Q0,WSJ870622-0078,787,6.638811303992216,minmaxnorm
167,Q0,WSJ891030-0154,788,6.615937923452839,minmaxnorm
167,Q0,WSJ880317-0156,789,6.597710615667857,minmaxnorm
167,Q0,WSJ871103-0109,790,6.595600377126089,minmaxnorm
167,Q0,WSJ890928-0046,791,6.580409005702585,minmaxnorm
167,Q0,ZF109-670-091,792,6.574811874673252,minmaxnorm
167,Q0,DOE2-12-0687,793,6.573063257581643,minmaxnorm
167,Q0,AP880902-0201,794,6.565650201126669,minmaxnorm
167,Q0,AP880916-0234,795,6.559662119198184,minmaxnorm
167,Q0,WSJ920123-0153,796,6.557224601288989,minmaxnorm
167,Q0,ZF207-571-952,797,6.538121733336329,minmaxnorm
167,Q0,WSJ880505-0057,798,6.5367952961097355,minmaxnorm
167,Q0,AP890602-0238,799,6.535472520184603,minmaxnorm
167,Q0,AP890103-0073,800,6.531288875502067,minmaxnorm
167,Q0,DOE1-47-0554,801,6.525059235101672,minmaxnorm
167,Q0,WSJ880330-0081,802,6.520763957465401,minmaxnorm
167,Q0,ZF109-514-501,803,6.508215554589283,minmaxnorm
167,Q0,AP890412-0250,804,6.4830309307637535,minmaxnorm
167,Q0,AP891016-0220,805,6.482986175274854,minmaxnorm
167,Q0,AP890524-0258,806,6.475712667938123,minmaxnorm
167,Q0,AP890508-0013,807,6.45132746880851,minmaxnorm
167,Q0,AP890309-0226,808,6.4451792476339405,minmaxnorm
167,Q0,AP890912-0227,809,6.438911753915235,minmaxnorm
167,Q0,WSJ880624-0080,810,6.409586939367135,minmaxnorm
167,Q0,AP890524-0079,811,6.401818018968597,minmaxnorm
167,Q0,AP890913-0150,812,6.40032645497934,minmaxnorm
167,Q0,WSJ911105-0047,813,6.393783323862488,minmaxnorm
167,Q0,ZF207-416-094,814,6.390975212383581,minmaxnorm
167,Q0,AP880914-0221,815,6.387344288274569,minmaxnorm
167,Q0,WSJ870605-0132,816,6.381420938830378,minmaxnorm
167,Q0,WSJ881018-0060,817,6.369331581032384,minmaxnorm
167,Q0,DOE2-51-0965,818,6.367498037432478,minmaxnorm
167,Q0,ZF108-380-272,819,6.364463999810087,minmaxnorm
167,Q0,AP881031-0273,820,6.360005066379202,minmaxnorm
167,Q0,WSJ910109-0139,821,6.3589854582796805,minmaxnorm
167,Q0,FR88514-0001,822,6.351409259517897,minmaxnorm
167,Q0,WSJ880429-0106,823,6.347860173113792,minmaxnorm
167,Q0,WSJ880325-0095,824,6.345950018713299,minmaxnorm
167,Q0,WSJ900727-0082,825,6.344880696249643,minmaxnorm
167,Q0,AP880617-0013,826,6.343005111173421,minmaxnorm
167,Q0,ZF108-101-864,827,6.338134707832996,minmaxnorm
167,Q0,AP890125-0101,828,6.310519552497239,minmaxnorm
167,Q0,WSJ911204-0014,829,6.3065491943785865,minmaxnorm
167,Q0,FR881107-0026,830,6.302311354391061,minmaxnorm
167,Q0,ZF207-371-350,831,6.298408521056059,minmaxnorm
167,Q0,AP880722-0160,832,6.294108829988531,minmaxnorm
167,Q0,WSJ901221-0123,833,6.291474740075656,minmaxnorm
167,Q0,AP880330-0075,834,6.288480212942827,minmaxnorm
167,Q0,FR89410-0040,835,6.282333624958121,minmaxnorm
167,Q0,AP890122-0097,836,6.28090182293027,minmaxnorm
167,Q0,WSJ900406-0130,837,6.229540230894638,minmaxnorm
167,Q0,ZF108-841-320,838,6.215874137349406,minmaxnorm
167,Q0,AP880907-0006,839,6.1972302455348185,minmaxnorm
167,Q0,WSJ890731-0125,840,6.196186926471888,minmaxnorm
167,Q0,AP880910-0061,841,6.193150129566437,minmaxnorm
167,Q0,ZF207-191-166,842,6.180937518750754,minmaxnorm
167,Q0,WSJ890823-0043,843,6.176595663506119,minmaxnorm
167,Q0,AP890914-0129,844,6.172831705622024,minmaxnorm
167,Q0,AP881101-0188,845,6.171405878257673,minmaxnorm
167,Q0,WSJ910318-0193,846,6.1639960925290005,minmaxnorm
167,Q0,WSJ910510-0131,847,6.163088893128304,minmaxnorm
167,Q0,WSJ870520-0083,848,6.162184906339764,minmaxnorm
167,Q0,WSJ871013-0025,849,6.159488385236462,minmaxnorm
167,Q0,AP890926-0252,850,6.158596940205341,minmaxnorm
167,Q0,AP890105-0226,851,6.153248522046472,minmaxnorm
167,Q0,AP880422-0099,852,6.14355151323891,minmaxnorm
167,Q0,WSJ900914-0170,853,6.1178334559556555,minmaxnorm
167,Q0,AP880822-0179,854,6.1170122547985315,minmaxnorm
167,Q0,AP890516-0220,855,6.110621184193059,minmaxnorm
167,Q0,AP890317-0203,856,6.099497883152284,minmaxnorm
167,Q0,ZF108-248-326,857,6.093807958724331,minmaxnorm
167,Q0,WSJ900911-0099,858,6.071829930307343,minmaxnorm
167,Q0,AP880425-0278,859,6.055151546789988,minmaxnorm
167,Q0,AP890410-0185,860,6.050918244801775,minmaxnorm
167,Q0,ZF207-554-728,861,6.049088822084156,minmaxnorm
167,Q0,AP891107-0251,862,6.044250978752905,minmaxnorm
167,Q0,AP890412-0233,863,6.042878104526377,minmaxnorm
167,Q0,ZF109-489-845,864,6.041370766749007,minmaxnorm
167,Q0,AP880821-0051,865,6.033872044848644,minmaxnorm
167,Q0,ZF207-811-462,866,6.028638717994147,minmaxnorm
167,Q0,AP890414-0207,867,6.024489102133963,minmaxnorm
167,Q0,AP890918-0202,868,5.996605686924683,minmaxnorm
167,Q0,AP880407-0190,869,5.988903772653541,minmaxnorm
167,Q0,WSJ871210-0169,870,5.988086712034218,minmaxnorm
167,Q0,WSJ890905-0099,871,5.976177699836503,minmaxnorm
167,Q0,AP880814-0105,872,5.949175718213238,minmaxnorm
167,Q0,FR88511-0168,873,5.945172118357586,minmaxnorm
167,Q0,ZF207-321-026,874,5.914772806220029,minmaxnorm
167,Q0,DOE1-91-0428,875,5.9137472119016445,minmaxnorm
167,Q0,AP881226-0150,876,5.892797924779146,minmaxnorm
167,Q0,AP880810-0038,877,5.887455021621642,minmaxnorm
167,Q0,WSJ870205-0067,878,5.886977053409096,minmaxnorm
167,Q0,ZF207-524-420,879,5.874404106154746,minmaxnorm
167,Q0,AP880518-0347,880,5.870742844004427,minmaxnorm
167,Q0,AP890103-0204,881,5.86466801689632,minmaxnorm
167,Q0,WSJ900427-0160,882,5.8448409612256675,minmaxnorm
167,Q0,AP880927-0254,883,5.83071430991215,minmaxnorm
167,Q0,WSJ900821-0130,884,5.804373598968039,minmaxnorm
167,Q0,FR88505-0023,885,5.803980306913284,minmaxnorm
167,Q0,AP880609-0042,886,5.801639165968529,minmaxnorm
167,Q0,AP881205-0229,887,5.786927296589094,minmaxnorm
167,Q0,AP881017-0236,888,5.7762616800450175,minmaxnorm
167,Q0,AP890927-0286,889,5.76927629521873,minmaxnorm
167,Q0,AP890413-0214,890,5.76821944703884,minmaxnorm
167,Q0,AP880812-0224,891,5.739643043865477,minmaxnorm
167,Q0,AP890801-0244,892,5.736797972681593,minmaxnorm
167,Q0,WSJ870723-0110,893,5.716748309600565,minmaxnorm
167,Q0,WSJ870504-0055,894,5.706571242276519,minmaxnorm
167,Q0,AP890302-0193,895,5.706371801865132,minmaxnorm
167,Q0,WSJ880930-0014,896,5.705080385121734,minmaxnorm
167,Q0,AP890926-0003,897,5.704098226389657,minmaxnorm
167,Q0,WSJ870604-0153,898,5.694651536737762,minmaxnorm
167,Q0,WSJ900925-0039,899,5.663147835213805,minmaxnorm
167,Q0,DOE1-30-0315,900,5.647057279746812,minmaxnorm
167,Q0,WSJ911021-0174,901,5.642964714255984,minmaxnorm
167,Q0,WSJ880930-0045,902,5.6305885767512285,minmaxnorm
167,Q0,AP881015-0015,903,5.604118898777104,minmaxnorm
167,Q0,AP890516-0272,904,5.601433021223092,minmaxnorm
167,Q0,AP890327-0196,905,5.5908400857637215,minmaxnorm
167,Q0,AP890923-0010,906,5.583624452899531,minmaxnorm
167,Q0,WSJ881103-0005,907,5.557762419395966,minmaxnorm
167,Q0,ZF108-576-316,908,5.5283349306532426,minmaxnorm
167,Q0,AP890306-0226,909,5.512952662518394,minmaxnorm
167,Q0,ZF109-435-417,910,5.49503255206562,minmaxnorm
167,Q0,ZF108-438-268,911,5.491535739317201,minmaxnorm
167,Q0,ZF209-522-805,912,5.4868332254872145,minmaxnorm
167,Q0,WSJ870723-0114,913,5.483712103242851,minmaxnorm
167,Q0,WSJ911127-0135,914,5.483645962558965,minmaxnorm
167,Q0,ZF108-216-784,915,5.4779363570455235,minmaxnorm
167,Q0,ZF207-267-314,916,5.470029870885973,minmaxnorm
167,Q0,FR881019-0045,917,5.454036326049162,minmaxnorm
167,Q0,AP890420-0031,918,5.422932611581717,minmaxnorm
167,Q0,WSJ910909-0107,919,5.42130662734258,minmaxnorm
167,Q0,ZF207-413-202,920,5.405505020119867,minmaxnorm
167,Q0,AP891024-0034,921,5.404675898848316,minmaxnorm
167,Q0,AP880421-0227,922,5.397078081941295,minmaxnorm
167,Q0,AP881031-0233,923,5.39495816813001,minmaxnorm
167,Q0,WSJ870708-0104,924,5.394386210361194,minmaxnorm
167,Q0,AP890123-0247,925,5.390804449730472,minmaxnorm
167,Q0,ZF207-453-652,926,5.385951701779624,minmaxnorm
167,Q0,WSJ900814-0114,927,5.381391641657623,minmaxnorm
167,Q0,ZF207-375-498,928,5.377039611356418,minmaxnorm
167,Q0,ZF109-695-525,929,5.374361156386276,minmaxnorm
167,Q0,AP880912-0217,930,5.367135527169715,minmaxnorm
167,Q0,ZF109-370-335,931,5.356944359074349,minmaxnorm
167,Q0,AP881231-0101,932,5.353300040395087,minmaxnorm
167,Q0,ZF109-419-703,933,5.341367358922256,minmaxnorm
167,Q0,WSJ880804-0080,934,5.340058611384905,minmaxnorm
167,Q0,ZF207-196-928,935,5.339178411809486,minmaxnorm
167,Q0,AP890201-0158,936,5.334171377293467,minmaxnorm
167,Q0,FR88719-0019,937,5.3303289172088535,minmaxnorm
167,Q0,WSJ890804-0013,938,5.329731036809128,minmaxnorm
167,Q0,AP890125-0248,939,5.316840655656996,minmaxnorm
167,Q0,DOE2-05-0989,940,5.315162255855957,minmaxnorm
167,Q0,WSJ910613-0142,941,5.313786666897897,minmaxnorm
167,Q0,WSJ870923-0126,942,5.302848659696704,minmaxnorm
167,Q0,AP890426-0049,943,5.300638641749142,minmaxnorm
167,Q0,AP881025-0153,944,5.300237410664312,minmaxnorm
167,Q0,FR88225-0022,945,5.2968431012181805,minmaxnorm
167,Q0,FR88516-0128,946,5.292325659392469,minmaxnorm
167,Q0,WSJ871008-0098,947,5.2837805443415915,minmaxnorm
167,Q0,AP890919-0021,948,5.262997283302659,minmaxnorm
167,Q0,AP890418-0262,949,5.260105594563011,minmaxnorm
167,Q0,AP891016-0213,950,5.255974735811377,minmaxnorm
167,Q0,ZF107-892-188,951,5.236250543760626,minmaxnorm
167,Q0,AP890227-0254,952,5.227935201846434,minmaxnorm
167,Q0,AP890131-0236,953,5.2097760525911925,minmaxnorm
167,Q0,AP890109-0077,954,5.207311203370778,minmaxnorm
167,Q0,AP890912-0267,955,5.203872732341579,minmaxnorm
167,Q0,AP890119-0289,956,5.194868640752826,minmaxnorm
167,Q0,WSJ900926-0057,957,5.192473584221784,minmaxnorm
167,Q0,AP891106-0217,958,5.1686247902761115,minmaxnorm
167,Q0,DOE1-96-0237,959,5.165059653487516,minmaxnorm
167,Q0,AP880919-0218,960,5.162329059602865,minmaxnorm
167,Q0,ZF108-307-044,961,5.139523637789815,minmaxnorm
167,Q0,AP891016-0228,962,5.137077628485668,minmaxnorm
167,Q0,AP880331-0244,963,5.127621361209993,minmaxnorm
167,Q0,AP890110-0242,964,5.127523964840361,minmaxnorm
167,Q0,WSJ911105-0014,965,5.1271923578813166,minmaxnorm
167,Q0,ZF207-102-706,966,5.12515376766348,minmaxnorm
167,Q0,AP890425-0234,967,5.116472043254633,minmaxnorm
167,Q0,AP881005-0057,968,5.115700703206719,minmaxnorm
167,Q0,ZF207-313-839,969,5.107054989589485,minmaxnorm
167,Q0,AP890616-0177,970,5.102686274806841,minmaxnorm
167,Q0,WSJ870107-0034,971,5.101487073711074,minmaxnorm
167,Q0,ZF108-546-035,972,5.100383613750402,minmaxnorm
167,Q0,AP881024-0208,973,5.097406894411585,minmaxnorm
167,Q0,ZF109-423-963,974,5.094919373159007,minmaxnorm
167,Q0,AP890912-0265,975,5.091990132625674,minmaxnorm
167,Q0,AP880229-0242,976,5.091325111510868,minmaxnorm
167,Q0,ZF109-699-347,977,5.080694116531966,minmaxnorm
167,Q0,AP880518-0297,978,5.069439289377159,minmaxnorm
167,Q0,FR891013-0117,979,5.068455099100292,minmaxnorm
167,Q0,WSJ880119-0133,980,5.068123734723921,minmaxnorm
167,Q0,WSJ900601-0100,981,5.065717864165331,minmaxnorm
167,Q0,ZF108-823-638,982,5.058591832307827,minmaxnorm
167,Q0,AP881212-0238,983,5.0529788967478115,minmaxnorm
167,Q0,WSJ900705-0002,984,5.020514878000836,minmaxnorm
167,Q0,WSJ910930-0082,985,5.016997472424582,minmaxnorm
167,Q0,ZF207-864-142,986,5.016419853349179,minmaxnorm
167,Q0,AP880729-0116,987,4.997889769911385,minmaxnorm
167,Q0,AP891030-0254,988,4.98990165376525,minmaxnorm
167,Q0,ZF207-366-562,989,4.987274296760699,minmaxnorm
167,Q0,AP880929-0199,990,4.976157253782437,minmaxnorm
167,Q0,AP880909-0201,991,4.9750652895482315,minmaxnorm
167,Q0,WSJ911113-0029,992,4.967870923967058,minmaxnorm
167,Q0,AP880914-0257,993,4.9652739808996165,minmaxnorm
167,Q0,ZF109-415-907,994,4.964079306891935,minmaxnorm
167,Q0,FR89123-0023,995,4.959329973519542,minmaxnorm
167,Q0,WSJ910703-0104,996,4.95315391184439,minmaxnorm
167,Q0,AP880502-0256,997,4.951185815807062,minmaxnorm
167,Q0,AP891218-0002,998,4.9485458819242005,minmaxnorm
167,Q0,WSJ880217-0128,999,4.9448393606988645,minmaxnorm
167,Q0,AP881205-0230,1000,4.940437050252618,minmaxnorm
175,Q0,AP880606-0019,1,138.8867411203732,minmaxnorm
175,Q0,AP880605-0026,2,133.96454626804436,minmaxnorm
175,Q0,AP880811-0163,3,131.0410663881611,minmaxnorm
175,Q0,AP890915-0198,4,125.71767665383463,minmaxnorm
175,Q0,AP890213-0017,5,122.70360331609969,minmaxnorm
175,Q0,AP880929-0184,6,122.20576402395739,minmaxnorm
175,Q0,AP880427-0240,7,119.86188917027152,minmaxnorm
175,Q0,AP880310-0257,8,119.00843886075613,minmaxnorm
175,Q0,WSJ910423-0173,9,117.86836785319393,minmaxnorm
175,Q0,AP890803-0028,10,114.63131869539357,minmaxnorm
175,Q0,WSJ900522-0107,11,112.07384346647612,minmaxnorm
175,Q0,AP880812-0017,12,111.75477352632976,minmaxnorm
175,Q0,AP881104-0268,13,111.4735279624382,minmaxnorm
175,Q0,AP880424-0020,14,110.7436403604786,minmaxnorm
175,Q0,AP880916-0009,15,110.40753899045336,minmaxnorm
175,Q0,AP880412-0045,16,109.7457331431814,minmaxnorm
175,Q0,AP880427-0150,17,108.13918765361866,minmaxnorm
175,Q0,WSJ880524-0130,18,107.48674098571281,minmaxnorm
175,Q0,WSJ880427-0026,19,107.06808617552622,minmaxnorm
175,Q0,WSJ900524-0003,20,106.79542427866564,minmaxnorm
175,Q0,WSJ910509-0080,21,106.44875660140033,minmaxnorm
175,Q0,WSJ871221-0164,22,104.63169450108606,minmaxnorm
175,Q0,WSJ910424-0156,23,101.80185451250325,minmaxnorm
175,Q0,WSJ880916-0094,24,101.53083380721634,minmaxnorm
175,Q0,AP880429-0040,25,100.79434603130183,minmaxnorm
175,Q0,AP880413-0242,26,100.77201705473655,minmaxnorm
175,Q0,AP880525-0285,27,99.70245228459842,minmaxnorm
175,Q0,AP890327-0004,28,99.44254112188918,minmaxnorm
175,Q0,AP880426-0221,29,99.34471282505339,minmaxnorm
175,Q0,AP880917-0094,30,99.1359901197743,minmaxnorm
175,Q0,AP890626-0023,31,98.85804939101051,minmaxnorm
175,Q0,AP890712-0088,32,98.29099032423149,minmaxnorm
175,Q0,AP880803-0033,33,96.3991735336588,minmaxnorm
175,Q0,AP880916-0029,34,94.74455916316693,minmaxnorm
175,Q0,AP891023-0207,35,92.68317404433851,minmaxnorm
175,Q0,AP880701-0027,36,90.47362700574327,minmaxnorm
175,Q0,WSJ911205-0004,37,90.32563307136398,minmaxnorm
175,Q0,AP890320-0002,38,90.27744686182989,minmaxnorm
175,Q0,AP881108-0141,39,90.16168845917174,minmaxnorm
175,Q0,WSJ870903-0094,40,89.51450344266901,minmaxnorm
175,Q0,WSJ910617-0089,41,87.57718274128605,minmaxnorm
175,Q0,AP880622-0068,42,87.4878437597134,minmaxnorm
175,Q0,AP890524-0041,43,86.84565340447539,minmaxnorm
175,Q0,AP890825-0196,44,86.50378795999214,minmaxnorm
175,Q0,AP890316-0023,45,86.05940143353823,minmaxnorm
175,Q0,WSJ910208-0130,46,85.80022046647515,minmaxnorm
175,Q0,AP890326-0022,47,85.40090403005934,minmaxnorm
175,Q0,WSJ880210-0066,48,85.38275316659495,minmaxnorm
175,Q0,AP880523-0060,49,84.49130660282219,minmaxnorm
175,Q0,AP881012-0114,50,83.80479284346978,minmaxnorm
175,Q0,WSJ910107-0169,51,83.5506980140777,minmaxnorm
175,Q0,AP890315-0152,52,83.07678790900336,minmaxnorm
175,Q0,AP890224-0086,53,83.00974993948908,minmaxnorm
175,Q0,AP890707-0162,54,82.60269451993,minmaxnorm
175,Q0,AP890306-0007,55,82.39567649838546,minmaxnorm
175,Q0,AP890205-0085,56,81.82091071585413,minmaxnorm
175,Q0,AP880928-0272,57,81.65355495869207,minmaxnorm
175,Q0,AP890318-0003,58,80.9384586128834,minmaxnorm
175,Q0,AP881130-0082,59,80.59725271828127,minmaxnorm
175,Q0,AP880518-0048,60,80.3828246956724,minmaxnorm
175,Q0,AP880511-0021,61,80.27263149746473,minmaxnorm
175,Q0,AP890222-0096,62,80.19338250815731,minmaxnorm
175,Q0,AP890919-0054,63,79.85420461192776,minmaxnorm
175,Q0,ZF207-338-121,64,79.58945468037656,minmaxnorm
175,Q0,AP890314-0208,65,79.49234211020787,minmaxnorm
175,Q0,AP890525-0050,66,77.8702864514566,minmaxnorm
175,Q0,AP880523-0139,67,77.7751084230273,minmaxnorm
175,Q0,AP880523-0140,68,77.4647313965515,minmaxnorm
175,Q0,AP890301-0235,69,77.31124482113275,minmaxnorm
175,Q0,AP890411-0126,70,76.43424036321325,minmaxnorm
175,Q0,AP880404-0141,71,75.88285525546101,minmaxnorm
175,Q0,WSJ880622-0020,72,75.66773190410224,minmaxnorm
175,Q0,WSJ911018-0121,73,75.58489630345181,minmaxnorm
175,Q0,AP881016-0013,74,73.4274316469488,minmaxnorm
175,Q0,AP881008-0107,75,72.92930491781281,minmaxnorm
175,Q0,AP890130-0166,76,72.80101768740178,minmaxnorm
175,Q0,WSJ880701-0048,77,72.0426254173291,minmaxnorm
175,Q0,AP880630-0204,78,70.67813610608145,minmaxnorm
175,Q0,WSJ900402-0188,79,70.61683940750824,minmaxnorm
175,Q0,AP890621-0081,80,70.49818631156988,minmaxnorm
175,Q0,AP890420-0023,81,70.47325910489866,minmaxnorm
175,Q0,AP880217-0158,82,70.09732385091365,minmaxnorm
175,Q0,AP890707-0125,83,69.88084820969074,minmaxnorm
175,Q0,AP890320-0103,84,69.39847818249768,minmaxnorm
175,Q0,AP890414-0098,85,69.35905878677463,minmaxnorm
175,Q0,AP881019-0196,86,68.96386211498321,minmaxnorm
175,Q0,AP890712-0217,87,68.82433114527335,minmaxnorm
175,Q0,AP880513-0012,88,68.58584580157178,minmaxnorm
175,Q0,WSJ910712-0055,89,68.37247104551062,minmaxnorm
175,Q0,AP890307-0131,90,67.06395673309436,minmaxnorm
175,Q0,AP890222-0077,91,66.87970998797218,minmaxnorm
175,Q0,AP890803-0234,92,66.6085863158184,minmaxnorm
175,Q0,AP890315-0230,93,66.14413822253358,minmaxnorm
175,Q0,WSJ911108-0019,94,66.12547088884673,minmaxnorm
175,Q0,AP890515-0209,95,66.00887685999477,minmaxnorm
175,Q0,AP890122-0043,96,65.37533201622513,minmaxnorm
175,Q0,AP890221-0200,97,64.58317932456956,minmaxnorm
175,Q0,AP880526-0043,98,64.40392118605112,minmaxnorm
175,Q0,AP890915-0036,99,64.11711278392757,minmaxnorm
175,Q0,AP880511-0289,100,64.11380193621015,minmaxnorm
175,Q0,WSJ900919-0009,101,63.08422974823709,minmaxnorm
175,Q0,AP890628-0078,102,62.783721969203384,minmaxnorm
175,Q0,AP890317-0098,103,62.24371454097036,minmaxnorm
175,Q0,AP880402-0121,104,61.75112504983495,minmaxnorm
175,Q0,AP881123-0114,105,61.317220313314,minmaxnorm
175,Q0,AP890406-0071,106,61.308742269729926,minmaxnorm
175,Q0,AP891208-0044,107,61.19925313506164,minmaxnorm
175,Q0,AP891004-0097,108,61.046754310217175,minmaxnorm
175,Q0,AP880522-0055,109,60.62797699070207,minmaxnorm
175,Q0,AP890516-0063,110,60.488873805539036,minmaxnorm
175,Q0,AP890516-0046,111,60.21781866298307,minmaxnorm
175,Q0,AP890708-0068,112,59.92432986081735,minmaxnorm
175,Q0,AP890524-0207,113,59.187478270434504,minmaxnorm
175,Q0,AP890308-0156,114,58.46573500382368,minmaxnorm
175,Q0,AP891208-0116,115,58.310861805883626,minmaxnorm
175,Q0,AP890712-0166,116,58.28541807116191,minmaxnorm
175,Q0,AP880303-0005,117,58.18331922088101,minmaxnorm
175,Q0,AP880531-0184,118,58.03567747265641,minmaxnorm
175,Q0,AP890619-0034,119,56.363930471100204,minmaxnorm
175,Q0,AP881206-0178,120,55.97373764445921,minmaxnorm
175,Q0,AP890317-0022,121,55.254697941954156,minmaxnorm
175,Q0,AP890223-0098,122,53.913240496291436,minmaxnorm
175,Q0,AP890119-0060,123,53.858298656632186,minmaxnorm
175,Q0,AP891023-0040,124,53.76610025273708,minmaxnorm
175,Q0,AP880917-0121,125,53.572078098776316,minmaxnorm
175,Q0,AP890526-0069,126,53.276220048903774,minmaxnorm
175,Q0,AP890524-0087,127,53.06620509275301,minmaxnorm
175,Q0,AP890619-0188,128,52.92285433542694,minmaxnorm
175,Q0,AP890411-0085,129,52.90963790105524,minmaxnorm
175,Q0,AP890524-0235,130,52.831154112902325,minmaxnorm
175,Q0,AP890327-0168,131,52.814117914447046,minmaxnorm
175,Q0,AP880810-0116,132,52.81299322642452,minmaxnorm
175,Q0,AP880908-0164,133,52.744682106216786,minmaxnorm
175,Q0,AP890211-0020,134,52.46266651657826,minmaxnorm
175,Q0,AP890524-0154,135,52.399271442566345,minmaxnorm
175,Q0,AP880921-0097,136,51.908544319664,minmaxnorm
175,Q0,AP890204-0003,137,51.54881296426673,minmaxnorm
175,Q0,AP891209-0104,138,51.52660902281287,minmaxnorm
175,Q0,AP881215-0130,139,51.49905883181343,minmaxnorm
175,Q0,WSJ910711-0024,140,51.19049404048995,minmaxnorm
175,Q0,AP880915-0133,141,50.9902934413012,minmaxnorm
175,Q0,WSJ911121-0136,142,50.96187582627701,minmaxnorm
175,Q0,WSJ910701-0052,143,50.788246638087685,minmaxnorm
175,Q0,AP890927-0090,144,50.40692298378503,minmaxnorm
175,Q0,AP881209-0123,145,50.01261600187722,minmaxnorm
175,Q0,AP890628-0024,146,49.81666387969909,minmaxnorm
175,Q0,AP890619-0088,147,49.575051190928924,minmaxnorm
175,Q0,AP890720-0194,148,49.449756481221,minmaxnorm
175,Q0,AP890427-0167,149,49.05076722470837,minmaxnorm
175,Q0,AP890620-0182,150,48.748162610016216,minmaxnorm
175,Q0,WSJ911212-0080,151,48.28312007364592,minmaxnorm
175,Q0,WSJ910325-0159,152,48.025726871684014,minmaxnorm
175,Q0,AP890712-0147,153,47.69584048504527,minmaxnorm
175,Q0,AP890427-0216,154,47.68104358471048,minmaxnorm
175,Q0,AP880421-0196,155,47.32853379202031,minmaxnorm
175,Q0,AP891122-0010,156,46.526524215673845,minmaxnorm
175,Q0,AP880615-0240,157,46.23848565467285,minmaxnorm
175,Q0,WSJ920211-0036,158,45.83487973143287,minmaxnorm
175,Q0,WSJ900608-0042,159,45.37554678589499,minmaxnorm
175,Q0,AP891205-0037,160,44.982588677777976,minmaxnorm
175,Q0,AP890216-0174,161,44.894853131346984,minmaxnorm
175,Q0,AP881117-0014,162,44.558008931537536,minmaxnorm
175,Q0,AP880908-0282,163,44.55446089726446,minmaxnorm
175,Q0,AP880911-0050,164,44.42693734911643,minmaxnorm
175,Q0,AP890628-0035,165,44.150500288692854,minmaxnorm
175,Q0,AP890519-0067,166,44.01031367035173,minmaxnorm
175,Q0,AP890607-0015,167,43.93512864230255,minmaxnorm
175,Q0,AP890606-0106,168,43.866163728470426,minmaxnorm
175,Q0,AP890912-0152,169,43.82441739551294,minmaxnorm
175,Q0,WSJ910502-0113,170,43.6812760159841,minmaxnorm
175,Q0,AP890316-0001,171,43.22631028735365,minmaxnorm
175,Q0,AP890314-0051,172,42.49552217355491,minmaxnorm
175,Q0,AP890420-0170,173,42.35106820848006,minmaxnorm
175,Q0,AP881108-0168,174,42.03098865755972,minmaxnorm
175,Q0,AP881006-0245,175,41.51638069879428,minmaxnorm
175,Q0,AP890628-0172,176,41.14506277674706,minmaxnorm
175,Q0,AP880428-0156,177,41.14255526684214,minmaxnorm
175,Q0,AP890803-0216,178,40.912121999733785,minmaxnorm
175,Q0,AP881109-0298,179,40.73844274122426,minmaxnorm
175,Q0,AP890320-0146,180,40.728133696338226,minmaxnorm
175,Q0,WSJ880411-0047,181,40.612354123057635,minmaxnorm
175,Q0,AP890214-0163,182,40.560835713714134,minmaxnorm
175,Q0,AP881011-0091,183,40.015361085963,minmaxnorm
175,Q0,AP880719-0104,184,39.54711557675378,minmaxnorm
175,Q0,AP890713-0059,185,38.9280572699621,minmaxnorm
175,Q0,AP881109-0003,186,38.82089338520625,minmaxnorm
175,Q0,AP890613-0083,187,38.740350748589336,minmaxnorm
175,Q0,AP880524-0063,188,38.61944199276147,minmaxnorm
175,Q0,AP890328-0010,189,38.588655265754035,minmaxnorm
175,Q0,AP881111-0088,190,38.45806012029319,minmaxnorm
175,Q0,AP880331-0016,191,37.59669803623028,minmaxnorm
175,Q0,AP880427-0263,192,36.74031256866419,minmaxnorm
175,Q0,AP890624-0039,193,36.45321509589831,minmaxnorm
175,Q0,AP881019-0107,194,36.38141184371915,minmaxnorm
175,Q0,AP890511-0170,195,36.269323302737554,minmaxnorm
175,Q0,AP890918-0160,196,35.94802630977274,minmaxnorm
175,Q0,AP890614-0125,197,35.63491714930262,minmaxnorm
175,Q0,AP890317-0044,198,35.4740830117276,minmaxnorm
175,Q0,AP891129-0091,199,34.748223903407435,minmaxnorm
175,Q0,AP890317-0128,200,34.743754934110434,minmaxnorm
175,Q0,WSJ881109-0008,201,34.72077981915088,minmaxnorm
175,Q0,AP890619-0060,202,34.667155275942854,minmaxnorm
175,Q0,AP890221-0122,203,34.52234559805593,minmaxnorm
175,Q0,AP890221-0133,204,34.49600937104011,minmaxnorm
175,Q0,WSJ880921-0103,205,34.468043383728045,minmaxnorm
175,Q0,AP890309-0087,206,34.199389751961085,minmaxnorm
175,Q0,WSJ910110-0101,207,34.06097599683389,minmaxnorm
175,Q0,AP890228-0100,208,34.022136155769715,minmaxnorm
175,Q0,AP890412-0055,209,34.01499551435477,minmaxnorm
175,Q0,AP880920-0186,210,33.96813889146614,minmaxnorm
175,Q0,WSJ910405-0160,211,33.84759471411134,minmaxnorm
175,Q0,AP890125-0106,212,33.71163953105301,minmaxnorm
175,Q0,AP890128-0057,213,33.397505690707874,minmaxnorm
175,Q0,WSJ881110-0018,214,33.14698458939333,minmaxnorm
175,Q0,AP881027-0024,215,32.46940376308815,minmaxnorm
175,Q0,AP890202-0076,216,32.3040104083671,minmaxnorm
175,Q0,WSJ900521-0068,217,32.23116992696825,minmaxnorm
175,Q0,AP891115-0123,218,32.194243219240235,minmaxnorm
175,Q0,WSJ900606-0017,219,32.077996826764185,minmaxnorm
175,Q0,AP880601-0057,220,32.05649235893264,minmaxnorm
175,Q0,WSJ920106-0111,221,31.528016305885288,minmaxnorm
175,Q0,AP890620-0042,222,31.476249373957536,minmaxnorm
175,Q0,AP881026-0220,223,31.359129459290884,minmaxnorm
175,Q0,AP890907-0083,224,30.720859775452826,minmaxnorm
175,Q0,AP890711-0089,225,30.253596869281676,minmaxnorm
175,Q0,AP880905-0074,226,30.08522817361855,minmaxnorm
175,Q0,AP890125-0105,227,30.003609413697703,minmaxnorm
175,Q0,AP890324-0049,228,30.001818731294996,minmaxnorm
175,Q0,AP891101-0092,229,29.938855171779228,minmaxnorm
175,Q0,AP880907-0169,230,29.73678434558113,minmaxnorm
175,Q0,AP880908-0223,231,29.712383259481545,minmaxnorm
175,Q0,AP880605-0077,232,29.706769551058525,minmaxnorm
175,Q0,AP891217-0064,233,29.439193948663824,minmaxnorm
175,Q0,AP881027-0102,234,29.245971047504355,minmaxnorm
175,Q0,AP880822-0023,235,29.192397631807793,minmaxnorm
175,Q0,WSJ910329-0065,236,29.169331281031187,minmaxnorm
175,Q0,AP880615-0027,237,29.0832520458626,minmaxnorm
175,Q0,AP881106-0001,238,29.066673825338317,minmaxnorm
175,Q0,FR891025-0107,239,28.76372283841746,minmaxnorm
175,Q0,AP890210-0226,240,28.71490974523649,minmaxnorm
175,Q0,AP881104-0271,241,28.299616493805424,minmaxnorm
175,Q0,AP890323-0001,242,28.272338825068893,minmaxnorm
175,Q0,WSJ920211-0094,243,28.254191813277107,minmaxnorm
175,Q0,AP881108-0036,244,28.22894612651494,minmaxnorm
175,Q0,AP890313-0160,245,27.8791940461561,minmaxnorm
175,Q0,WSJ881017-0020,246,27.66531502326348,minmaxnorm
175,Q0,AP880627-0010,247,27.542004382746192,minmaxnorm
175,Q0,AP890405-0292,248,27.206970926401905,minmaxnorm
175,Q0,AP881021-0020,249,26.39146953725262,minmaxnorm
175,Q0,AP890125-0211,250,26.3678454241452,minmaxnorm
175,Q0,AP881109-0141,251,26.36608206330303,minmaxnorm
175,Q0,AP881102-0017,252,26.108165404386295,minmaxnorm
175,Q0,AP881026-0145,253,25.79767262077916,minmaxnorm
175,Q0,AP890203-0171,254,25.387163740262253,minmaxnorm
175,Q0,AP890602-0224,255,25.01231763323815,minmaxnorm
175,Q0,WSJ911127-0112,256,24.87954013833659,minmaxnorm
175,Q0,AP890315-0189,257,24.85470204760523,minmaxnorm
175,Q0,WSJ871215-0107,258,24.799390936011196,minmaxnorm
175,Q0,AP890915-0119,259,24.668130906626136,minmaxnorm
175,Q0,AP890512-0040,260,24.15052225394038,minmaxnorm
175,Q0,WSJ910530-0099,261,24.05812390768797,minmaxnorm
175,Q0,AP880906-0017,262,23.83850474328041,minmaxnorm
175,Q0,AP891220-0108,263,23.737556807320658,minmaxnorm
175,Q0,AP890315-0200,264,23.53198032227308,minmaxnorm
175,Q0,AP880915-0204,265,23.2888233963007,minmaxnorm
175,Q0,AP880422-0078,266,23.21540460276792,minmaxnorm
175,Q0,WSJ910509-0004,267,22.822103214004898,minmaxnorm
175,Q0,WSJ911204-0126,268,22.783866515776793,minmaxnorm
175,Q0,AP881109-0199,269,22.66796828080066,minmaxnorm
175,Q0,AP890318-0043,270,22.34475230816083,minmaxnorm
175,Q0,WSJ900712-0102,271,22.300614710905602,minmaxnorm
175,Q0,AP881027-0025,272,22.099692536234297,minmaxnorm
175,Q0,AP880706-0118,273,22.097114062805545,minmaxnorm
175,Q0,AP890318-0159,274,21.760835711059265,minmaxnorm
175,Q0,AP890121-0124,275,21.53821879160962,minmaxnorm
175,Q0,WSJ910312-0085,276,21.330325056380598,minmaxnorm
175,Q0,AP890808-0015,277,21.16077723963934,minmaxnorm
175,Q0,AP881017-0021,278,21.108763995762722,minmaxnorm
175,Q0,AP880917-0177,279,21.10706442924711,minmaxnorm
175,Q0,AP890223-0064,280,21.040060728818744,minmaxnorm
175,Q0,AP890322-0113,281,21.02222818000592,minmaxnorm
175,Q0,AP880313-0029,282,20.873192940860665,minmaxnorm
175,Q0,WSJ920114-0145,283,20.785675189978495,minmaxnorm
175,Q0,AP890319-0011,284,20.75607180827909,minmaxnorm
175,Q0,WSJ910509-0013,285,20.69479680193565,minmaxnorm
175,Q0,AP890127-0136,286,20.612095840941677,minmaxnorm
175,Q0,AP891118-0021,287,20.574138548140773,minmaxnorm
175,Q0,AP880216-0175,288,20.535530570738228,minmaxnorm
175,Q0,AP890515-0122,289,20.33383551291923,minmaxnorm
175,Q0,WSJ911104-0099,290,20.278620752982512,minmaxnorm
175,Q0,ZF107-955-706,291,20.216043052885738,minmaxnorm
175,Q0,WSJ910329-0099,292,20.134652022286236,minmaxnorm
175,Q0,AP881103-0208,293,20.09733372948802,minmaxnorm
175,Q0,AP890222-0097,294,20.059667379620606,minmaxnorm
175,Q0,AP891010-0049,295,19.980704278734134,minmaxnorm
175,Q0,WSJ880624-0132,296,19.800870226083525,minmaxnorm
175,Q0,AP890227-0214,297,19.64023737437306,minmaxnorm
175,Q0,AP890215-0152,298,19.29354275531061,minmaxnorm
175,Q0,DOE1-07-0818,299,19.182385782854997,minmaxnorm
175,Q0,AP890223-0118,300,19.15926531040162,minmaxnorm
175,Q0,AP890320-0056,301,19.150691343817297,minmaxnorm
175,Q0,AP890315-0081,302,19.10412595735509,minmaxnorm
175,Q0,AP881021-0198,303,19.03221857676901,minmaxnorm
175,Q0,DOE1-68-1119,304,18.988536486188035,minmaxnorm
175,Q0,AP881109-0041,305,18.954629993392466,minmaxnorm
175,Q0,AP890727-0025,306,18.76932024524316,minmaxnorm
175,Q0,WSJ891020-0077,307,18.667684358279942,minmaxnorm
175,Q0,AP890724-0145,308,18.597051420868826,minmaxnorm
175,Q0,AP881105-0164,309,18.546624789127918,minmaxnorm
175,Q0,WSJ880622-0070,310,18.50886612567978,minmaxnorm
175,Q0,WSJ920207-0018,311,18.360352500587098,minmaxnorm
175,Q0,AP891121-0029,312,18.348346638669767,minmaxnorm
175,Q0,AP890914-0131,313,18.230721422851502,minmaxnorm
175,Q0,AP881103-0266,314,18.217956387032938,minmaxnorm
175,Q0,AP881023-0002,315,18.11493510356727,minmaxnorm
175,Q0,WSJ881114-0160,316,18.1036222767018,minmaxnorm
175,Q0,AP890923-0025,317,18.088259366549767,minmaxnorm
175,Q0,AP880910-0131,318,18.064564179500493,minmaxnorm
175,Q0,AP890916-0131,319,18.030548506063855,minmaxnorm
175,Q0,WSJ900402-0021,320,17.98531327213575,minmaxnorm
175,Q0,AP881001-0032,321,17.95377336450644,minmaxnorm
175,Q0,WSJ910322-0072,322,17.915711359088654,minmaxnorm
175,Q0,WSJ910313-0001,323,17.85563661769479,minmaxnorm
175,Q0,AP881110-0194,324,17.786695677083184,minmaxnorm
175,Q0,WSJ870618-0060,325,17.689733467147683,minmaxnorm
175,Q0,AP891230-0067,326,17.659189884142187,minmaxnorm
175,Q0,WSJ910725-0100,327,17.476475341850854,minmaxnorm
175,Q0,AP890305-0045,328,17.240544283809225,minmaxnorm
175,Q0,FR89626-0137,329,17.195085029077998,minmaxnorm
175,Q0,AP880601-0144,330,17.16587291998695,minmaxnorm
175,Q0,WSJ870406-0052,331,17.13996484529651,minmaxnorm
175,Q0,WSJ870514-0145,332,17.085360775214767,minmaxnorm
175,Q0,WSJ881024-0052,333,16.757452870730923,minmaxnorm
175,Q0,AP890926-0184,334,16.556037206236763,minmaxnorm
175,Q0,WSJ910524-0145,335,16.52728993282414,minmaxnorm
175,Q0,AP880225-0067,336,16.50088070839574,minmaxnorm
175,Q0,ZF207-411-116,337,16.36096191578712,minmaxnorm
175,Q0,AP890524-0105,338,16.300068695490108,minmaxnorm
175,Q0,WSJ900924-0055,339,16.27045196792793,minmaxnorm
175,Q0,AP890324-0184,340,16.127648056542895,minmaxnorm
175,Q0,AP890614-0058,341,16.10831737910868,minmaxnorm
175,Q0,AP891110-0130,342,15.80923179601216,minmaxnorm
175,Q0,WSJ900525-0059,343,15.627698508701977,minmaxnorm
175,Q0,WSJ900620-0101,344,15.596767797506889,minmaxnorm
175,Q0,WSJ890913-0143,345,15.55846047611984,minmaxnorm
175,Q0,AP890127-0140,346,15.460257738583394,minmaxnorm
175,Q0,WSJ911025-0042,347,15.372681793548066,minmaxnorm
175,Q0,WSJ880606-0003,348,15.31221879026193,minmaxnorm
175,Q0,AP890801-0166,349,15.289280469843227,minmaxnorm
175,Q0,AP880323-0126,350,15.090363620863316,minmaxnorm
175,Q0,AP881205-0291,351,15.02765097970939,minmaxnorm
175,Q0,AP890315-0092,352,14.97278165136243,minmaxnorm
175,Q0,AP890601-0030,353,14.944525848057395,minmaxnorm
175,Q0,WSJ880325-0141,354,14.780141665757421,minmaxnorm
175,Q0,AP890531-0148,355,14.695382160805538,minmaxnorm
175,Q0,WSJ881108-0148,356,14.639683301715655,minmaxnorm
175,Q0,AP891009-0119,357,14.551819102339383,minmaxnorm
175,Q0,WSJ870415-0095,358,14.432326233558866,minmaxnorm
175,Q0,AP890314-0157,359,14.43014892294823,minmaxnorm
175,Q0,WSJ880216-0128,360,14.338543302069773,minmaxnorm
175,Q0,WSJ900627-0014,361,14.266867622010642,minmaxnorm
175,Q0,ZF109-513-967,362,14.229877674978438,minmaxnorm
175,Q0,AP880827-0012,363,14.154772010995535,minmaxnorm
175,Q0,AP881108-0051,364,14.054459151155458,minmaxnorm
175,Q0,AP880229-0178,365,14.035024073225346,minmaxnorm
175,Q0,AP890502-0177,366,13.988279976106217,minmaxnorm
175,Q0,AP880918-0068,367,13.984090115294734,minmaxnorm
175,Q0,AP891122-0053,368,13.964597009686427,minmaxnorm
175,Q0,AP880429-0117,369,13.900239464810713,minmaxnorm
175,Q0,WSJ870617-0006,370,13.756118125980013,minmaxnorm
175,Q0,AP890711-0145,371,13.711266493196769,minmaxnorm
175,Q0,AP880827-0090,372,13.669026430732778,minmaxnorm
175,Q0,AP890315-0022,373,13.651743987348937,minmaxnorm
175,Q0,AP881104-0084,374,13.614637186349334,minmaxnorm
175,Q0,ZF108-568-090,375,13.572401657720864,minmaxnorm
175,Q0,AP890228-0061,376,13.560063626423295,minmaxnorm
175,Q0,AP890203-0194,377,13.532274483140712,minmaxnorm
175,Q0,WSJ890804-0113,378,13.474498123215623,minmaxnorm
175,Q0,AP880424-0086,379,13.443165823667394,minmaxnorm
175,Q0,AP880525-0234,380,13.409134689923016,minmaxnorm
175,Q0,WSJ870925-0093,381,13.406245360095392,minmaxnorm
175,Q0,WSJ880715-0106,382,13.327132119274257,minmaxnorm
175,Q0,AP881019-0194,383,13.321083223330794,minmaxnorm
175,Q0,WSJ870601-0142,384,13.287656420522827,minmaxnorm
175,Q0,WSJ880726-0062,385,13.249309626272613,minmaxnorm
175,Q0,AP890603-0145,386,13.203191680373928,minmaxnorm
175,Q0,AP880622-0160,387,13.13936825229199,minmaxnorm
175,Q0,WSJ911018-0072,388,13.120369353753052,minmaxnorm
175,Q0,DOE1-15-0933,389,13.102991939767925,minmaxnorm
175,Q0,ZF108-343-200,390,13.097303413166172,minmaxnorm
175,Q0,AP880504-0111,391,13.08743414781575,minmaxnorm
175,Q0,WSJ880331-0026,392,13.070107501978967,minmaxnorm
175,Q0,AP891010-0121,393,12.97316091508337,minmaxnorm
175,Q0,AP891114-0193,394,12.932856709784735,minmaxnorm
175,Q0,AP890428-0164,395,12.926014158889688,minmaxnorm
175,Q0,ZF207-273-234,396,12.89664265173859,minmaxnorm
175,Q0,AP890523-0133,397,12.888455732535597,minmaxnorm
175,Q0,WSJ900509-0097,398,12.861994883681769,minmaxnorm
175,Q0,DOE2-67-0241,399,12.857425640376377,minmaxnorm
175,Q0,AP880811-0155,400,12.795640620168978,minmaxnorm
175,Q0,ZF207-335-772,401,12.78823400454435,minmaxnorm
175,Q0,ZF108-517-256,402,12.722862889170473,minmaxnorm
175,Q0,DOE2-23-0935,403,12.698376239679748,minmaxnorm
175,Q0,AP890302-0113,404,12.680624746969569,minmaxnorm
175,Q0,AP880829-0013,405,12.640105524844214,minmaxnorm
175,Q0,WSJ880321-0112,406,12.442396797545653,minmaxnorm
175,Q0,WSJ900831-0078,407,12.415308035990968,minmaxnorm
175,Q0,AP890920-0034,408,12.38828425106314,minmaxnorm
175,Q0,WSJ870916-0123,409,12.36252282981524,minmaxnorm
175,Q0,AP890107-0159,410,12.317893110877714,minmaxnorm
175,Q0,AP880702-0077,411,12.210536609433145,minmaxnorm
175,Q0,FR88831-0147,412,12.197335803251395,minmaxnorm
175,Q0,WSJ911023-0084,413,12.152356911949077,minmaxnorm
175,Q0,AP880426-0026,414,12.123577691916545,minmaxnorm
175,Q0,WSJ870220-0037,415,12.087921654345884,minmaxnorm
175,Q0,AP890310-0108,416,12.080958598340102,minmaxnorm
175,Q0,ZF207-219-058,417,12.073460528025356,minmaxnorm
175,Q0,FR88514-0001,418,12.061964818691747,minmaxnorm
175,Q0,ZF207-661-272,419,12.031180475572526,minmaxnorm
175,Q0,ZF207-079-618,420,12.000808628929795,minmaxnorm
175,Q0,WSJ910110-0050,421,11.978622729990972,minmaxnorm
175,Q0,AP880909-0020,422,11.96789659134235,minmaxnorm
175,Q0,AP881026-0180,423,11.955935385413584,minmaxnorm
175,Q0,WSJ911126-0077,424,11.945221397171617,minmaxnorm
175,Q0,WSJ880919-0020,425,11.89513583113478,minmaxnorm
175,Q0,WSJ910627-0122,426,11.873885469738536,minmaxnorm
175,Q0,WSJ911011-0115,427,11.869643930885742,minmaxnorm
175,Q0,WSJ870501-0101,428,11.865187169963557,minmaxnorm
175,Q0,DOE2-39-0071,429,11.8299200454766,minmaxnorm
175,Q0,DOE1-33-0550,430,11.819934097412604,minmaxnorm
175,Q0,AP890228-0135,431,11.816630242610827,minmaxnorm
175,Q0,AP880831-0070,432,11.815845428581698,minmaxnorm
175,Q0,ZF108-007-230,433,11.79349633792521,minmaxnorm
175,Q0,WSJ880120-0057,434,11.776523984909522,minmaxnorm
175,Q0,FR88516-0128,435,11.730759223822554,minmaxnorm
175,Q0,WSJ910805-0136,436,11.727287643699603,minmaxnorm
175,Q0,AP880430-0038,437,11.69180462943655,minmaxnorm
175,Q0,WSJ911120-0059,438,11.690211824446074,minmaxnorm
175,Q0,AP890825-0043,439,11.686123350082296,minmaxnorm
175,Q0,WSJ870611-0090,440,11.683797573964283,minmaxnorm
175,Q0,AP890307-0074,441,11.654931327506748,minmaxnorm
175,Q0,AP890208-0086,442,11.646555130900005,minmaxnorm
175,Q0,DOE1-16-0626,443,11.636381554205455,minmaxnorm
175,Q0,DOE2-74-0956,444,11.600270868457812,minmaxnorm
175,Q0,FR89803-0012,445,11.58163078454512,minmaxnorm
175,Q0,AP890412-0109,446,11.555646459579185,minmaxnorm
175,Q0,AP890406-0214,447,11.518463744003807,minmaxnorm
175,Q0,AP891031-0081,448,11.510272741579984,minmaxnorm
175,Q0,DOE1-41-0514,449,11.506734849933073,minmaxnorm
175,Q0,WSJ910528-0120,450,11.478313739844461,minmaxnorm
175,Q0,AP890916-0010,451,11.473078288589809,minmaxnorm
175,Q0,AP890617-0097,452,11.46753144966114,minmaxnorm
175,Q0,WSJ900605-0027,453,11.45894118659037,minmaxnorm
175,Q0,ZF108-624-386,454,11.408826643587362,minmaxnorm
175,Q0,AP880915-0027,455,11.408768132696984,minmaxnorm
175,Q0,FR88609-0017,456,11.407212475348478,minmaxnorm
175,Q0,WSJ871204-0026,457,11.406132529266824,minmaxnorm
175,Q0,WSJ880705-0137,458,11.405559286319493,minmaxnorm
175,Q0,AP880806-0032,459,11.359038984182959,minmaxnorm
175,Q0,AP880913-0173,460,11.347530336763018,minmaxnorm
175,Q0,DOE1-01-1033,461,11.264225085228047,minmaxnorm
175,Q0,WSJ880720-0133,462,11.222168034543763,minmaxnorm
175,Q0,AP880323-0212,463,11.158902545128017,minmaxnorm
175,Q0,AP891024-0215,464,11.113243874424494,minmaxnorm
175,Q0,AP890325-0054,465,11.099878057668473,minmaxnorm
175,Q0,WSJ871204-0041,466,11.096389737561152,minmaxnorm
175,Q0,ZF109-514-505,467,11.077291660297941,minmaxnorm
175,Q0,AP891031-0170,468,11.033629076483656,minmaxnorm
175,Q0,AP890629-0156,469,11.028279043515981,minmaxnorm
175,Q0,ZF207-338-141,470,11.02095362072207,minmaxnorm
175,Q0,AP881022-0052,471,11.019341959977053,minmaxnorm
175,Q0,WSJ900621-0117,472,10.967849233653734,minmaxnorm
175,Q0,AP890317-0211,473,10.955326210400674,minmaxnorm
175,Q0,WSJ910819-0109,474,10.928132539987613,minmaxnorm
175,Q0,WSJ870715-0131,475,10.904328508402768,minmaxnorm
175,Q0,AP880601-0247,476,10.89564672675986,minmaxnorm
175,Q0,AP890622-0208,477,10.854861444489643,minmaxnorm
175,Q0,WSJ880707-0109,478,10.82618151161028,minmaxnorm
175,Q0,AP890712-0026,479,10.81936019625948,minmaxnorm
175,Q0,WSJ870129-0152,480,10.79951744982347,minmaxnorm
175,Q0,WSJ900517-0104,481,10.78876877299414,minmaxnorm
175,Q0,WSJ910510-0085,482,10.752152422242624,minmaxnorm
175,Q0,AP880303-0263,483,10.750372292262883,minmaxnorm
175,Q0,WSJ911216-0013,484,10.69576327355887,minmaxnorm
175,Q0,DOE2-73-0389,485,10.681786237354533,minmaxnorm
175,Q0,WSJ870409-0168,486,10.677515480234835,minmaxnorm
175,Q0,WSJ911108-0077,487,10.608061143918704,minmaxnorm
175,Q0,AP880426-0240,488,10.600983698576297,minmaxnorm
175,Q0,AP891023-0114,489,10.533510583237879,minmaxnorm
175,Q0,AP890614-0189,490,10.489455749393231,minmaxnorm
175,Q0,WSJ870710-0140,491,10.482655900763538,minmaxnorm
175,Q0,AP890111-0094,492,10.481028518484807,minmaxnorm
175,Q0,AP890617-0058,493,10.475368598060017,minmaxnorm
175,Q0,ZF109-768-245,494,10.455560343026782,minmaxnorm
175,Q0,WSJ880510-0075,495,10.377340821006655,minmaxnorm
175,Q0,WSJ910718-0103,496,10.36529876638659,minmaxnorm
175,Q0,AP880428-0194,497,10.353675121668985,minmaxnorm
175,Q0,WSJ900723-0037,498,10.331021343243359,minmaxnorm
175,Q0,WSJ870430-0030,499,10.301199008231645,minmaxnorm
175,Q0,AP881209-0174,500,10.209832732920505,minmaxnorm
175,Q0,WSJ920131-0082,501,10.19641850357937,minmaxnorm
175,Q0,ZF207-687-814,502,10.190871497400972,minmaxnorm
175,Q0,WSJ900521-0156,503,10.19017622312027,minmaxnorm
175,Q0,WSJ861208-0028,504,10.189639532507309,minmaxnorm
175,Q0,AP881024-0108,505,10.183672356303852,minmaxnorm
175,Q0,DOE1-69-0013,506,10.164987352081246,minmaxnorm
175,Q0,AP881109-0242,507,10.154162438686237,minmaxnorm
175,Q0,DOE2-10-0138,508,10.148161314079791,minmaxnorm
175,Q0,WSJ870520-0090,509,10.143809132762108,minmaxnorm
175,Q0,ZF207-289-929,510,10.039280641196433,minmaxnorm
175,Q0,AP890323-0138,511,9.991011316122831,minmaxnorm
175,Q0,ZF208-317-787,512,9.987198878247135,minmaxnorm
175,Q0,AP881108-0176,513,9.932047676400085,minmaxnorm
175,Q0,AP890310-0086,514,9.914793831940939,minmaxnorm
175,Q0,WSJ900706-0094,515,9.890080016368616,minmaxnorm
175,Q0,DOE1-82-0323,516,9.889889892931254,minmaxnorm
175,Q0,AP890125-0205,517,9.862822489334055,minmaxnorm
175,Q0,ZF107-937-816,518,9.858500778868374,minmaxnorm
175,Q0,AP880726-0195,519,9.857307660916527,minmaxnorm
175,Q0,WSJ880609-0048,520,9.78759396556065,minmaxnorm
175,Q0,ZF108-675-888,521,9.69306451804064,minmaxnorm
175,Q0,AP890530-0215,522,9.673041895772766,minmaxnorm
175,Q0,AP890411-0038,523,9.65981442413866,minmaxnorm
175,Q0,AP890501-0143,524,9.631952200699338,minmaxnorm
175,Q0,FR88518-0136,525,9.604467074679004,minmaxnorm
175,Q0,WSJ871211-0109,526,9.542368876147043,minmaxnorm
175,Q0,WSJ871014-0036,527,9.541855447042149,minmaxnorm
175,Q0,AP880518-0140,528,9.539186073546107,minmaxnorm
175,Q0,WSJ911106-0101,529,9.525049447617377,minmaxnorm
175,Q0,AP880915-0196,530,9.52307174315777,minmaxnorm
175,Q0,WSJ910528-0102,531,9.515838778712615,minmaxnorm
175,Q0,FR88512-0113,532,9.514320796160588,minmaxnorm
175,Q0,DOE2-83-0230,533,9.51283530502808,minmaxnorm
175,Q0,WSJ880105-0071,534,9.464642563036934,minmaxnorm
175,Q0,WSJ900730-0146,535,9.434072475794562,minmaxnorm
175,Q0,AP890811-0081,536,9.431105766892317,minmaxnorm
175,Q0,WSJ880427-0122,537,9.430817211680596,minmaxnorm
175,Q0,AP880310-0020,538,9.409397576443792,minmaxnorm
175,Q0,WSJ900713-0016,539,9.404651663735377,minmaxnorm
175,Q0,WSJ900618-0109,540,9.388190647897897,minmaxnorm
175,Q0,AP880512-0200,541,9.355215918740395,minmaxnorm
175,Q0,WSJ880729-0080,542,9.308956403280547,minmaxnorm
175,Q0,AP890317-0082,543,9.303449692576697,minmaxnorm
175,Q0,AP880330-0015,544,9.303410749490455,minmaxnorm
175,Q0,WSJ911127-0106,545,9.264761690412803,minmaxnorm
175,Q0,AP880920-0035,546,9.243671438020344,minmaxnorm
175,Q0,ZF109-424-789,547,9.242501076435909,minmaxnorm
175,Q0,WSJ870817-0056,548,9.200319374673706,minmaxnorm
175,Q0,FR88216-0035,549,9.053699686999817,minmaxnorm
175,Q0,FR88211-0035,550,9.052053746369252,minmaxnorm
175,Q0,AP890625-0020,551,9.043370899913826,minmaxnorm
175,Q0,WSJ910118-0068,552,9.039471021172119,minmaxnorm
175,Q0,WSJ880810-0102,553,9.017962261360747,minmaxnorm
175,Q0,WSJ871009-0064,554,9.007803152672752,minmaxnorm
175,Q0,AP891122-0035,555,9.002838576296817,minmaxnorm
175,Q0,WSJ910930-0129,556,8.997177355408088,minmaxnorm
175,Q0,DOE1-84-0087,557,8.917741105959257,minmaxnorm
175,Q0,WSJ900614-0160,558,8.899510825431674,minmaxnorm
175,Q0,WSJ880809-0018,559,8.899329225704253,minmaxnorm
175,Q0,WSJ900524-0028,560,8.839236082419722,minmaxnorm
175,Q0,AP880331-0163,561,8.79556723622595,minmaxnorm
175,Q0,WSJ910515-0162,562,8.773239357865979,minmaxnorm
175,Q0,WSJ911115-0120,563,8.769385018511318,minmaxnorm
175,Q0,AP891224-0071,564,8.761346551866328,minmaxnorm
175,Q0,WSJ881025-0027,565,8.738549942870275,minmaxnorm
175,Q0,WSJ900409-0102,566,8.72981520424874,minmaxnorm
175,Q0,AP890915-0019,567,8.71643845342772,minmaxnorm
175,Q0,AP890307-0172,568,8.68618375915263,minmaxnorm
175,Q0,AP891201-0019,569,8.663229761198682,minmaxnorm
175,Q0,WSJ900530-0140,570,8.633978398681576,minmaxnorm
175,Q0,ZF108-674-670,571,8.629862228615472,minmaxnorm
175,Q0,AP880802-0155,572,8.616336482774889,minmaxnorm
175,Q0,DOE1-20-0913,573,8.615621734331281,minmaxnorm
175,Q0,AP880405-0235,574,8.608914639335033,minmaxnorm
175,Q0,AP881109-0273,575,8.60678881906831,minmaxnorm
175,Q0,ZF108-805-096,576,8.58489091820726,minmaxnorm
175,Q0,WSJ870625-0026,577,8.566968407075976,minmaxnorm
175,Q0,DOE2-63-0552,578,8.526382757074325,minmaxnorm
175,Q0,ZF207-900-058,579,8.525690330698565,minmaxnorm
175,Q0,AP890207-0177,580,8.50117182917824,minmaxnorm
175,Q0,AP890729-0018,581,8.491722364696397,minmaxnorm
175,Q0,AP881013-0025,582,8.458241863426792,minmaxnorm
175,Q0,WSJ870623-0039,583,8.455595947817702,minmaxnorm
175,Q0,AP890204-0141,584,8.443985686309755,minmaxnorm
175,Q0,AP891024-0056,585,8.436288623946233,minmaxnorm
175,Q0,ZF108-106-888,586,8.400835005049169,minmaxnorm
175,Q0,AP880707-0145,587,8.391171584610598,minmaxnorm
175,Q0,AP890801-0117,588,8.379998158577992,minmaxnorm
175,Q0,AP891017-0179,589,8.274095671572228,minmaxnorm
175,Q0,WSJ870618-0073,590,8.271295202607739,minmaxnorm
175,Q0,WSJ910128-0108,591,8.25957957572523,minmaxnorm
175,Q0,WSJ880729-0030,592,8.221200821482332,minmaxnorm
175,Q0,AP890623-0079,593,8.16448293458803,minmaxnorm
175,Q0,WSJ880114-0132,594,8.158481517672522,minmaxnorm
175,Q0,AP880525-0043,595,8.158454796351174,minmaxnorm
175,Q0,WSJ870813-0036,596,8.152890133058058,minmaxnorm
175,Q0,AP891122-0218,597,8.104947687697376,minmaxnorm
175,Q0,AP880412-0227,598,8.10216956524041,minmaxnorm
175,Q0,WSJ880129-0165,599,8.086827425135962,minmaxnorm
175,Q0,FR89602-0011,600,8.078387242891123,minmaxnorm
175,Q0,WSJ881014-0105,601,8.067217246098753,minmaxnorm
175,Q0,WSJ900607-0063,602,8.066696688191037,minmaxnorm
175,Q0,AP890411-0234,603,8.059888016949019,minmaxnorm
175,Q0,WSJ870506-0093,604,8.033734368101545,minmaxnorm
175,Q0,AP881129-0015,605,8.023474861241187,minmaxnorm
175,Q0,AP890326-0084,606,8.01902759313346,minmaxnorm
175,Q0,WSJ870204-0111,607,8.010261828997441,minmaxnorm
175,Q0,AP890506-0069,608,7.9982287810679376,minmaxnorm
175,Q0,WSJ880916-0090,609,7.9495762936342445,minmaxnorm
175,Q0,WSJ880909-0121,610,7.922772543615355,minmaxnorm
175,Q0,AP881109-0243,611,7.896407420298943,minmaxnorm
175,Q0,DOE1-40-0479,612,7.867186481046201,minmaxnorm
175,Q0,DOE1-61-1094,613,7.862920327621932,minmaxnorm
175,Q0,AP880703-0020,614,7.853345149696709,minmaxnorm
175,Q0,AP880618-0121,615,7.851490417458027,minmaxnorm
175,Q0,DOE1-42-0371,616,7.829545735969345,minmaxnorm
175,Q0,WSJ870619-0065,617,7.796450032159694,minmaxnorm
175,Q0,WSJ870224-0060,618,7.785874420393327,minmaxnorm
175,Q0,WSJ891004-0109,619,7.784699283033247,minmaxnorm
175,Q0,WSJ891019-0147,620,7.777996259532335,minmaxnorm
175,Q0,ZF108-259-284,621,7.7765010659233065,minmaxnorm
175,Q0,WSJ911213-0117,622,7.772979939056068,minmaxnorm
175,Q0,WSJ910104-0092,623,7.767786479221144,minmaxnorm
175,Q0,WSJ900426-0092,624,7.752923475320247,minmaxnorm
175,Q0,DOE2-54-0546,625,7.737227789341691,minmaxnorm
175,Q0,WSJ891009-0124,626,7.737217202037046,minmaxnorm
175,Q0,WSJ911121-0088,627,7.734449373408855,minmaxnorm
175,Q0,AP881013-0105,628,7.732284924167419,minmaxnorm
175,Q0,AP890325-0056,629,7.713433558497796,minmaxnorm
175,Q0,AP880523-0170,630,7.687992601877044,minmaxnorm
175,Q0,WSJ880707-0018,631,7.671568380953566,minmaxnorm
175,Q0,AP880416-0063,632,7.664140652692266,minmaxnorm
175,Q0,AP890319-0076,633,7.661057408807923,minmaxnorm
175,Q0,AP880819-0191,634,7.617041008512871,minmaxnorm
175,Q0,ZF207-412-182,635,7.610163595160076,minmaxnorm
175,Q0,AP880223-0225,636,7.5512873620415215,minmaxnorm
175,Q0,WSJ870529-0069,637,7.521707718296333,minmaxnorm
175,Q0,AP891016-0138,638,7.517608152527442,minmaxnorm
175,Q0,DOE1-35-0321,639,7.511660608025883,minmaxnorm
175,Q0,WSJ900703-0127,640,7.4924256641976985,minmaxnorm
175,Q0,AP890224-0054,641,7.4752088266173695,minmaxnorm
175,Q0,WSJ881004-0154,642,7.450997248893926,minmaxnorm
175,Q0,AP880916-0228,643,7.429452532877542,minmaxnorm
175,Q0,WSJ870204-0068,644,7.428410893645918,minmaxnorm
175,Q0,WSJ911016-0085,645,7.416483541642007,minmaxnorm
175,Q0,WSJ880609-0015,646,7.390113966677408,minmaxnorm
175,Q0,DOE2-60-0047,647,7.369278752900303,minmaxnorm
175,Q0,ZF207-757-977,648,7.3686811040224285,minmaxnorm
175,Q0,WSJ871120-0117,649,7.348507903798537,minmaxnorm
175,Q0,AP880331-0014,650,7.32630839253087,minmaxnorm
175,Q0,AP891017-0106,651,7.3157637813914675,minmaxnorm
175,Q0,AP880816-0046,652,7.3067620635499235,minmaxnorm
175,Q0,AP880418-0143,653,7.300791348704447,minmaxnorm
175,Q0,WSJ900801-0165,654,7.2998623741917275,minmaxnorm
175,Q0,WSJ880602-0095,655,7.295291204288656,minmaxnorm
175,Q0,WSJ870311-0049,656,7.27657727273404,minmaxnorm
175,Q0,WSJ880504-0049,657,7.2572366596377424,minmaxnorm
175,Q0,AP880315-0202,658,7.246401529261777,minmaxnorm
175,Q0,AP881013-0220,659,7.236811618037093,minmaxnorm
175,Q0,WSJ880915-0140,660,7.222598958352016,minmaxnorm
175,Q0,AP880718-0189,661,7.196977664839624,minmaxnorm
175,Q0,AP881006-0087,662,7.184063552076804,minmaxnorm
175,Q0,WSJ911028-0175,663,7.181387681751758,minmaxnorm
175,Q0,WSJ890929-0172,664,7.168108182230718,minmaxnorm
175,Q0,AP891130-0048,665,7.164495883680379,minmaxnorm
175,Q0,WSJ890816-0073,666,7.136363899859704,minmaxnorm
175,Q0,DOE1-32-0361,667,7.121508116101373,minmaxnorm
175,Q0,WSJ900723-0073,668,7.117914362880015,minmaxnorm
175,Q0,WSJ900709-0151,669,7.113783736245779,minmaxnorm
175,Q0,AP881012-0031,670,7.097535370527247,minmaxnorm
175,Q0,AP880308-0049,671,7.096255286434326,minmaxnorm
175,Q0,AP880307-0112,672,7.070635672557451,minmaxnorm
175,Q0,AP891213-0196,673,7.063528465143108,minmaxnorm
175,Q0,WSJ861212-0094,674,7.03441223811193,minmaxnorm
175,Q0,WSJ910816-0125,675,7.0296046657733955,minmaxnorm
175,Q0,ZF207-303-656,676,7.0180786087277305,minmaxnorm
175,Q0,WSJ871202-0120,677,7.013401497205898,minmaxnorm
175,Q0,ZF108-248-326,678,7.0133185339273645,minmaxnorm
175,Q0,WSJ900404-0017,679,6.985125017959251,minmaxnorm
175,Q0,WSJ870722-0053,680,6.974936183478113,minmaxnorm
175,Q0,WSJ891003-0101,681,6.97203993455912,minmaxnorm
175,Q0,AP890215-0219,682,6.9508722038129624,minmaxnorm
175,Q0,WSJ880817-0151,683,6.939010520018815,minmaxnorm
175,Q0,AP890330-0097,684,6.928010822020954,minmaxnorm
175,Q0,DOE1-41-0512,685,6.92593614210094,minmaxnorm
175,Q0,AP891025-0042,686,6.924563786388892,minmaxnorm
175,Q0,FR88615-0083,687,6.922908826792424,minmaxnorm
175,Q0,AP880513-0100,688,6.9122693559277515,minmaxnorm
175,Q0,FR88201-0020,689,6.89075134415452,minmaxnorm
175,Q0,AP880913-0130,690,6.886322583286696,minmaxnorm
175,Q0,WSJ871202-0084,691,6.854728599525077,minmaxnorm
175,Q0,AP890228-0070,692,6.840560393608296,minmaxnorm
175,Q0,DOE1-91-0686,693,6.831123653418589,minmaxnorm
175,Q0,WSJ871014-0160,694,6.828886198025489,minmaxnorm
175,Q0,AP880322-0027,695,6.828042203880692,minmaxnorm
175,Q0,WSJ910621-0182,696,6.819687506857913,minmaxnorm
175,Q0,WSJ880511-0034,697,6.812722225787966,minmaxnorm
175,Q0,WSJ900731-0052,698,6.7981930876267676,minmaxnorm
175,Q0,AP880615-0222,699,6.796677914063526,minmaxnorm
175,Q0,WSJ911126-0058,700,6.794733293683434,minmaxnorm
175,Q0,ZF109-485-327,701,6.779926659744566,minmaxnorm
175,Q0,AP890309-0190,702,6.762687940357604,minmaxnorm
175,Q0,WSJ880816-0046,703,6.75997818661456,minmaxnorm
175,Q0,DOE2-11-0454,704,6.7181615908041925,minmaxnorm
175,Q0,WSJ910823-0086,705,6.642667953949152,minmaxnorm
175,Q0,AP890622-0241,706,6.6238316310056735,minmaxnorm
175,Q0,AP891011-0155,707,6.612881557277608,minmaxnorm
175,Q0,WSJ871005-0010,708,6.603722375024969,minmaxnorm
175,Q0,WSJ900629-0008,709,6.595191187154691,minmaxnorm
175,Q0,AP890427-0117,710,6.594792115597504,minmaxnorm
175,Q0,AP890807-0020,711,6.559412136475069,minmaxnorm
175,Q0,AP880603-0023,712,6.546212780479594,minmaxnorm
175,Q0,AP890615-0137,713,6.51115705889401,minmaxnorm
175,Q0,AP890623-0046,714,6.507938594985117,minmaxnorm
175,Q0,ZF108-343-720,715,6.498122890301489,minmaxnorm
175,Q0,WSJ910618-0129,716,6.489993112139496,minmaxnorm
175,Q0,AP891108-0070,717,6.47397699227089,minmaxnorm
175,Q0,AP890619-0198,718,6.473323157771305,minmaxnorm
175,Q0,WSJ880524-0050,719,6.458461067117263,minmaxnorm
175,Q0,AP881005-0121,720,6.4542303186119545,minmaxnorm
175,Q0,FR88511-0168,721,6.430352676772878,minmaxnorm
175,Q0,AP880919-0011,722,6.425924411432888,minmaxnorm
175,Q0,WSJ870320-0038,723,6.4173694277478335,minmaxnorm
175,Q0,WSJ871009-0082,724,6.406370790362415,minmaxnorm
175,Q0,WSJ871209-0046,725,6.3910832717522625,minmaxnorm
175,Q0,AP880526-0174,726,6.383287546874644,minmaxnorm
175,Q0,AP890802-0031,727,6.3750163477920365,minmaxnorm
175,Q0,WSJ870616-0041,728,6.366838808415032,minmaxnorm
175,Q0,WSJ900525-0079,729,6.365104034763443,minmaxnorm
175,Q0,AP890717-0154,730,6.348334080397586,minmaxnorm
175,Q0,DOE1-45-1154,731,6.34203360835129,minmaxnorm
175,Q0,WSJ870729-0081,732,6.3384106048440145,minmaxnorm
175,Q0,DOE2-75-0590,733,6.329726366165345,minmaxnorm
175,Q0,AP880610-0257,734,6.324613357762293,minmaxnorm
175,Q0,WSJ880426-0066,735,6.3209652062958686,minmaxnorm
175,Q0,AP880624-0024,736,6.317399098263576,minmaxnorm
175,Q0,AP880609-0189,737,6.296692914318969,minmaxnorm
175,Q0,AP891103-0128,738,6.285383768884926,minmaxnorm
175,Q0,AP881103-0007,739,6.261808350718671,minmaxnorm
175,Q0,AP890915-0190,740,6.251678686176209,minmaxnorm
175,Q0,ZF109-534-277,741,6.241730415467248,minmaxnorm
175,Q0,FR88209-0027,742,6.229778754615326,minmaxnorm
175,Q0,AP891108-0014,743,6.224954705746534,minmaxnorm
175,Q0,WSJ911104-0096,744,6.210120694909134,minmaxnorm
175,Q0,WSJ910619-0101,745,6.170795361668788,minmaxnorm
175,Q0,WSJ910408-0022,746,6.135332483475611,minmaxnorm
175,Q0,ZF207-769-815,747,6.13100884368865,minmaxnorm
175,Q0,WSJ910715-0120,748,6.099105197164702,minmaxnorm
175,Q0,AP881222-0266,749,6.0964441242011596,minmaxnorm
175,Q0,AP881109-0061,750,6.087662485518408,minmaxnorm
175,Q0,AP881002-0063,751,6.0873987362729265,minmaxnorm
175,Q0,WSJ871009-0054,752,6.045591368749145,minmaxnorm
175,Q0,AP880420-0027,753,6.020082652817914,minmaxnorm
175,Q0,WSJ871214-0067,754,6.00615671202907,minmaxnorm
175,Q0,AP890616-0021,755,5.999215380205309,minmaxnorm
175,Q0,WSJ911105-0062,756,5.9955575866249,minmaxnorm
175,Q0,WSJ910412-0083,757,5.98531865650591,minmaxnorm
175,Q0,AP881007-0038,758,5.984504905626618,minmaxnorm
175,Q0,AP880217-0084,759,5.97538499278211,minmaxnorm
175,Q0,WSJ881012-0050,760,5.974998220184655,minmaxnorm
175,Q0,WSJ881019-0021,761,5.9701785703144665,minmaxnorm
175,Q0,AP891001-0060,762,5.965351899887477,minmaxnorm
175,Q0,WSJ911031-0080,763,5.96442717795237,minmaxnorm
175,Q0,AP880801-0115,764,5.960594296648494,minmaxnorm
175,Q0,AP891103-0123,765,5.959835914790356,minmaxnorm
175,Q0,AP890421-0169,766,5.958468103183403,minmaxnorm
175,Q0,AP890511-0137,767,5.941316292335464,minmaxnorm
175,Q0,WSJ870731-0097,768,5.935350087855513,minmaxnorm
175,Q0,WSJ880719-0085,769,5.933908091958347,minmaxnorm
175,Q0,WSJ870309-0109,770,5.927861235177796,minmaxnorm
175,Q0,AP881005-0247,771,5.9101003627071895,minmaxnorm
175,Q0,AP890722-0081,772,5.832611891635568,minmaxnorm
175,Q0,WSJ900404-0128,773,5.822601316085828,minmaxnorm
175,Q0,AP890309-0252,774,5.809930104970818,minmaxnorm
175,Q0,WSJ870209-0086,775,5.789132920757403,minmaxnorm
175,Q0,AP880721-0090,776,5.780841048421512,minmaxnorm
175,Q0,AP880303-0086,777,5.773623274239157,minmaxnorm
175,Q0,AP881020-0008,778,5.771096889531559,minmaxnorm
175,Q0,AP880807-0046,779,5.757618088657264,minmaxnorm
175,Q0,AP890619-0177,780,5.748515992841101,minmaxnorm
175,Q0,AP880503-0030,781,5.7176171604428365,minmaxnorm
175,Q0,AP881109-0127,782,5.716453460528601,minmaxnorm
175,Q0,FR89517-0099,783,5.7153365234238604,minmaxnorm
175,Q0,AP881015-0170,784,5.704186229856386,minmaxnorm
175,Q0,AP890727-0291,785,5.677410833827093,minmaxnorm
175,Q0,DOE1-63-0410,786,5.674504909307719,minmaxnorm
175,Q0,AP880224-0005,787,5.659910022588749,minmaxnorm
175,Q0,WSJ870130-0068,788,5.651192162566531,minmaxnorm
175,Q0,AP880229-0031,789,5.648061810017908,minmaxnorm
175,Q0,AP880506-0096,790,5.627047132791029,minmaxnorm
175,Q0,AP890806-0024,791,5.6258105036437716,minmaxnorm
175,Q0,AP880511-0236,792,5.613561362269962,minmaxnorm
175,Q0,DOE2-38-0696,793,5.612831589117595,minmaxnorm
175,Q0,AP880429-0059,794,5.605020992319343,minmaxnorm
175,Q0,AP880417-0030,795,5.604505912101753,minmaxnorm
175,Q0,WSJ880818-0005,796,5.6010021368599645,minmaxnorm
175,Q0,AP880725-0137,797,5.579048476910374,minmaxnorm
175,Q0,WSJ880706-0006,798,5.566728140214814,minmaxnorm
175,Q0,DOE2-62-0069,799,5.549422982050363,minmaxnorm
175,Q0,AP890310-0191,800,5.548159241096854,minmaxnorm
175,Q0,AP890326-0056,801,5.543532055659975,minmaxnorm
175,Q0,AP881012-0144,802,5.541090892442171,minmaxnorm
175,Q0,AP891010-0167,803,5.540395015584259,minmaxnorm
175,Q0,AP880714-0017,804,5.534304150721482,minmaxnorm
175,Q0,WSJ910517-0166,805,5.516033122866313,minmaxnorm
175,Q0,WSJ890814-0058,806,5.4991478592251095,minmaxnorm
175,Q0,WSJ920310-0170,807,5.495126322496575,minmaxnorm
175,Q0,AP880621-0036,808,5.487113575661865,minmaxnorm
175,Q0,AP890929-0095,809,5.486501432682406,minmaxnorm
175,Q0,AP890501-0082,810,5.469384440713557,minmaxnorm
175,Q0,AP881123-0139,811,5.455953275190585,minmaxnorm
175,Q0,AP881026-0222,812,5.452545646146167,minmaxnorm
175,Q0,AP881017-0181,813,5.450820551606478,minmaxnorm
175,Q0,AP881005-0069,814,5.450805653523415,minmaxnorm
175,Q0,AP891207-0101,815,5.438640567065511,minmaxnorm
175,Q0,AP881012-0175,816,5.4223487975766105,minmaxnorm
175,Q0,AP890419-0028,817,5.411698770964118,minmaxnorm
175,Q0,AP881109-0276,818,5.403746664898025,minmaxnorm
175,Q0,FR88922-0020,819,5.399179299170268,minmaxnorm
175,Q0,AP881014-0028,820,5.370725482339981,minmaxnorm
175,Q0,WSJ871102-0141,821,5.367885254192947,minmaxnorm
175,Q0,AP890426-0118,822,5.351533374993506,minmaxnorm
175,Q0,AP880826-0254,823,5.339384779143304,minmaxnorm
175,Q0,WSJ890913-0093,824,5.3372097726705805,minmaxnorm
175,Q0,DOE2-41-0328,825,5.295393583738845,minmaxnorm
175,Q0,AP890427-0252,826,5.285761466949556,minmaxnorm
175,Q0,WSJ890731-0131,827,5.278923147683514,minmaxnorm
175,Q0,AP881107-0030,828,5.270211150637992,minmaxnorm
175,Q0,AP890803-0130,829,5.258212486376241,minmaxnorm
175,Q0,WSJ881025-0146,830,5.258108440383994,minmaxnorm
175,Q0,WSJ871223-0064,831,5.257809585052874,minmaxnorm
175,Q0,ZF108-248-834,832,5.235949143676603,minmaxnorm
175,Q0,WSJ910626-0108,833,5.233818834393184,minmaxnorm
175,Q0,AP890905-0036,834,5.211906975231661,minmaxnorm
175,Q0,AP881103-0231,835,5.191862384621126,minmaxnorm
175,Q0,WSJ880516-0123,836,5.188387206801535,minmaxnorm
175,Q0,WSJ870506-0115,837,5.183931175453384,minmaxnorm
175,Q0,DOE1-70-0920,838,5.176432859367538,minmaxnorm
175,Q0,AP880518-0180,839,5.159573920121597,minmaxnorm
175,Q0,WSJ920128-0100,840,5.1594689279998125,minmaxnorm
175,Q0,WSJ870121-0063,841,5.1561186546629525,minmaxnorm
175,Q0,AP880420-0226,842,5.132104598623902,minmaxnorm
175,Q0,AP880803-0018,843,5.127948616725465,minmaxnorm
175,Q0,WSJ870302-0097,844,5.1197042087633005,minmaxnorm
175,Q0,WSJ870928-0026,845,5.112589543264886,minmaxnorm
175,Q0,AP890721-0020,846,5.109762902763763,minmaxnorm
175,Q0,AP890809-0005,847,5.107627477030133,minmaxnorm
175,Q0,AP880805-0034,848,5.101498166731256,minmaxnorm
175,Q0,AP890803-0034,849,5.096818316245528,minmaxnorm
175,Q0,WSJ900821-0031,850,5.0940075798055675,minmaxnorm
175,Q0,AP890914-0175,851,5.091204593529333,minmaxnorm
175,Q0,WSJ870325-0130,852,5.085366360627742,minmaxnorm
175,Q0,AP890105-0114,853,5.065637464362222,minmaxnorm
175,Q0,WSJ920204-0119,854,5.061289811739057,minmaxnorm
175,Q0,WSJ891102-0085,855,5.056412680589508,minmaxnorm
175,Q0,AP890703-0008,856,5.056068097206143,minmaxnorm
175,Q0,AP880428-0025,857,5.055312412666011,minmaxnorm
175,Q0,WSJ880901-0055,858,5.051678669253717,minmaxnorm
175,Q0,WSJ880714-0085,859,5.039614016558088,minmaxnorm
175,Q0,AP891021-0046,860,5.038081036199209,minmaxnorm
175,Q0,AP890222-0017,861,5.031616417811096,minmaxnorm
175,Q0,AP881020-0105,862,5.012301507665877,minmaxnorm
175,Q0,WSJ870528-0147,863,5.009271675872158,minmaxnorm
175,Q0,FR88822-0075,864,5.0088541765503445,minmaxnorm
175,Q0,WSJ880718-0136,865,5.004198784305382,minmaxnorm
175,Q0,DOE2-49-1074,866,4.999557359327067,minmaxnorm
175,Q0,WSJ881101-0135,867,4.998866950403081,minmaxnorm
175,Q0,ZF207-456-282,868,4.998484465501787,minmaxnorm
175,Q0,WSJ910521-0114,869,4.990990972372381,minmaxnorm
175,Q0,AP880229-0035,870,4.981050452790074,minmaxnorm
175,Q0,WSJ861216-0022,871,4.973084289776306,minmaxnorm
175,Q0,AP890215-0172,872,4.961085437594846,minmaxnorm
175,Q0,AP890919-0030,873,4.956773500576449,minmaxnorm
175,Q0,WSJ910312-0045,874,4.942036222322487,minmaxnorm
175,Q0,AP890721-0120,875,4.935885354514677,minmaxnorm
175,Q0,AP881003-0136,876,4.932107463941896,minmaxnorm
175,Q0,AP890127-0113,877,4.930283217618455,minmaxnorm
175,Q0,WSJ871029-0085,878,4.929842930156805,minmaxnorm
175,Q0,AP881102-0249,879,4.923909737592263,minmaxnorm
175,Q0,WSJ910102-0101,880,4.915484871490083,minmaxnorm
175,Q0,AP890207-0141,881,4.911766747731913,minmaxnorm
175,Q0,WSJ871103-0069,882,4.894051359596878,minmaxnorm
175,Q0,WSJ871005-0044,883,4.88834123774761,minmaxnorm
175,Q0,AP880420-0342,884,4.887447255859946,minmaxnorm
175,Q0,ZF108-227-526,885,4.8667149978649675,minmaxnorm
175,Q0,DOE2-69-0027,886,4.85935628737881,minmaxnorm
175,Q0,WSJ900530-0058,887,4.856760916265522,minmaxnorm
175,Q0,WSJ880217-0080,888,4.8439065367460525,minmaxnorm
175,Q0,WSJ900425-0106,889,4.817658798705548,minmaxnorm
175,Q0,AP890424-0139,890,4.813820011881905,minmaxnorm
175,Q0,WSJ870724-0092,891,4.81350037024402,minmaxnorm
175,Q0,AP890318-0033,892,4.805853539677088,minmaxnorm
175,Q0,WSJ910416-0153,893,4.79334534661708,minmaxnorm
175,Q0,WSJ910724-0074,894,4.765197863956777,minmaxnorm
175,Q0,WSJ870622-0031,895,4.726563046560281,minmaxnorm
175,Q0,WSJ910206-0003,896,4.707981815046151,minmaxnorm
175,Q0,AP890829-0112,897,4.706132712047155,minmaxnorm
175,Q0,AP890618-0032,898,4.688884904494892,minmaxnorm
175,Q0,WSJ871029-0152,899,4.685586570312089,minmaxnorm
175,Q0,WSJ910320-0081,900,4.684757668849012,minmaxnorm
175,Q0,WSJ911120-0038,901,4.682418983675681,minmaxnorm
175,Q0,WSJ881101-0076,902,4.681509712348478,minmaxnorm
175,Q0,WSJ870821-0107,903,4.673537823768337,minmaxnorm
175,Q0,WSJ900727-0060,904,4.660989524277095,minmaxnorm
175,Q0,AP880623-0051,905,4.651251136515749,minmaxnorm
175,Q0,DOE1-09-0708,906,4.650407194170103,minmaxnorm
175,Q0,WSJ870723-0099,907,4.649299593510783,minmaxnorm
175,Q0,AP881021-0116,908,4.647737059320127,minmaxnorm
175,Q0,WSJ871008-0050,909,4.62460476584625,minmaxnorm
175,Q0,WSJ920313-0065,910,4.624405955919496,minmaxnorm
175,Q0,AP890204-0053,911,4.620299403198605,minmaxnorm
175,Q0,AP890316-0181,912,4.616376599926,minmaxnorm
175,Q0,WSJ911101-0087,913,4.616359057118923,minmaxnorm
175,Q0,WSJ881101-0139,914,4.60411181664261,minmaxnorm
175,Q0,AP891017-0022,915,4.602509082343471,minmaxnorm
175,Q0,WSJ900621-0108,916,4.600443095220083,minmaxnorm
175,Q0,WSJ900402-0018,917,4.582722984149047,minmaxnorm
175,Q0,AP891012-0133,918,4.57952438280158,minmaxnorm
175,Q0,WSJ891012-0052,919,4.575941343872968,minmaxnorm
175,Q0,WSJ920213-0072,920,4.568062657066761,minmaxnorm
175,Q0,FR881121-0034,921,4.5453604606042255,minmaxnorm
175,Q0,AP890316-0233,922,4.535342609401549,minmaxnorm
175,Q0,AP881015-0026,923,4.534565877701641,minmaxnorm
175,Q0,WSJ871116-0028,924,4.520867932435436,minmaxnorm
175,Q0,WSJ910613-0171,925,4.518390335037445,minmaxnorm
175,Q0,WSJ880516-0088,926,4.5074562118592425,minmaxnorm
175,Q0,AP880617-0029,927,4.497838536445699,minmaxnorm
175,Q0,AP880802-0133,928,4.496787173830572,minmaxnorm
175,Q0,WSJ870717-0152,929,4.492604630884532,minmaxnorm
175,Q0,WSJ880603-0156,930,4.481324386523648,minmaxnorm
175,Q0,AP890404-0080,931,4.478776058738421,minmaxnorm
175,Q0,WSJ870310-0139,932,4.478597306681308,minmaxnorm
175,Q0,WSJ900601-0173,933,4.465572241276995,minmaxnorm
175,Q0,WSJ870729-0104,934,4.464491951451643,minmaxnorm
175,Q0,DOE2-08-0160,935,4.441520572450623,minmaxnorm
175,Q0,AP881111-0051,936,4.440724172180493,minmaxnorm
175,Q0,AP890623-0038,937,4.433944877246109,minmaxnorm
175,Q0,AP881016-0014,938,4.4333206705492785,minmaxnorm
175,Q0,WSJ900621-0070,939,4.423767389384441,minmaxnorm
175,Q0,AP890713-0195,940,4.412340781014901,minmaxnorm
175,Q0,WSJ880304-0073,941,4.399957465026778,minmaxnorm
175,Q0,AP880708-0290,942,4.396663139949551,minmaxnorm
175,Q0,WSJ870212-0013,943,4.39364192934895,minmaxnorm
175,Q0,WSJ880420-0104,944,4.375553822345621,minmaxnorm
175,Q0,WSJ910131-0079,945,4.372823698766688,minmaxnorm
175,Q0,AP880325-0242,946,4.363909218271367,minmaxnorm
175,Q0,ZF208-128-090,947,4.3636690305548615,minmaxnorm
175,Q0,WSJ910424-0205,948,4.3576184271358205,minmaxnorm
175,Q0,FR881006-0001,949,4.357583924092915,minmaxnorm
175,Q0,AP880628-0179,950,4.347904637290398,minmaxnorm
175,Q0,AP890621-0088,951,4.344080775532758,minmaxnorm
175,Q0,WSJ861217-0034,952,4.308200590353343,minmaxnorm
175,Q0,AP890224-0021,953,4.30282598489401,minmaxnorm
175,Q0,AP890302-0154,954,4.297225856841623,minmaxnorm
175,Q0,AP880901-0020,955,4.2962147711619005,minmaxnorm
175,Q0,WSJ910918-0129,956,4.282530561994369,minmaxnorm
175,Q0,DOE1-53-1160,957,4.281122824615068,minmaxnorm
175,Q0,AP890312-0037,958,4.270266681408598,minmaxnorm
175,Q0,WSJ911011-0142,959,4.266111742782332,minmaxnorm
175,Q0,AP890308-0035,960,4.261186852590893,minmaxnorm
175,Q0,AP881130-0048,961,4.250600503491621,minmaxnorm
175,Q0,WSJ870520-0105,962,4.241748540999544,minmaxnorm
175,Q0,AP880519-0194,963,4.227660013363581,minmaxnorm
175,Q0,AP890907-0124,964,4.216098415082582,minmaxnorm
175,Q0,AP881122-0172,965,4.2116423222897765,minmaxnorm
175,Q0,AP890615-0231,966,4.210339253322676,minmaxnorm
175,Q0,FR891013-0117,967,4.208969219351239,minmaxnorm
175,Q0,AP891017-0094,968,4.206628366340293,minmaxnorm
175,Q0,AP880426-0041,969,4.20239466005978,minmaxnorm
175,Q0,AP890925-0294,970,4.187373329336713,minmaxnorm
175,Q0,WSJ890807-0119,971,4.182122462490082,minmaxnorm
175,Q0,DOE1-01-0703,972,4.175391738071838,minmaxnorm
175,Q0,ZF108-127-700,973,4.153457508532106,minmaxnorm
175,Q0,WSJ890801-0006,974,4.148335577673556,minmaxnorm
175,Q0,AP880524-0037,975,4.140303444471595,minmaxnorm
175,Q0,FR881024-0109,976,4.129348847582969,minmaxnorm
175,Q0,WSJ880922-0106,977,4.129112900478846,minmaxnorm
175,Q0,ZF108-531-266,978,4.123857357885103,minmaxnorm
175,Q0,WSJ881024-0039,979,4.118778614304183,minmaxnorm
175,Q0,AP880922-0009,980,4.101998126718125,minmaxnorm
175,Q0,AP881123-0115,981,4.1001458468188545,minmaxnorm
175,Q0,WSJ870121-0121,982,4.0953596470863385,minmaxnorm
175,Q0,AP880613-0101,983,4.073742887354415,minmaxnorm
175,Q0,WSJ881114-0057,984,4.072424669043071,minmaxnorm
175,Q0,AP890808-0086,985,4.064415046343223,minmaxnorm
175,Q0,AP880906-0116,986,4.063133051501334,minmaxnorm
175,Q0,AP890125-0107,987,4.054608460818008,minmaxnorm
175,Q0,AP891115-0113,988,4.048128430705697,minmaxnorm
175,Q0,AP880905-0131,989,4.037866622683326,minmaxnorm
175,Q0,ZF109-415-819,990,4.03583914310482,minmaxnorm
175,Q0,AP880512-0241,991,4.031654826253697,minmaxnorm
175,Q0,WSJ900625-0116,992,4.028745978889449,minmaxnorm
175,Q0,FR88929-0029,993,4.014060968415158,minmaxnorm
175,Q0,ZF108-033-784,994,4.001396318786059,minmaxnorm
175,Q0,WSJ890816-0096,995,4.0012545400835755,minmaxnorm
175,Q0,WSJ891025-0173,996,3.9954712406645068,minmaxnorm
175,Q0,DOE1-11-0243,997,3.9934633611019845,minmaxnorm
175,Q0,AP890830-0020,998,3.9902694849869844,minmaxnorm
175,Q0,AP891207-0087,999,3.9839960662214304,minmaxnorm
175,Q0,AP880915-0146,1000,3.983123604252444,minmaxnorm
178,Q0,AP890914-0160,1,130.81244510739953,minmaxnorm
178,Q0,AP880909-0114,2,112.2250332459624,minmaxnorm
178,Q0,AP891213-0101,3,103.58363474396354,minmaxnorm
178,Q0,AP890505-0070,4,103.1443592683045,minmaxnorm
178,Q0,AP891204-0142,5,99.81408366025387,minmaxnorm
178,Q0,AP890303-0065,6,97.46039543579313,minmaxnorm
178,Q0,WSJ870817-0130,7,93.6275459334211,minmaxnorm
178,Q0,AP881213-0129,8,92.15017654968693,minmaxnorm
178,Q0,AP890327-0123,9,87.74566170823837,minmaxnorm
178,Q0,WSJ870706-0066,10,87.49088914837732,minmaxnorm
178,Q0,AP891223-0041,11,85.72535216224932,minmaxnorm
178,Q0,AP891009-0108,12,83.57284429928664,minmaxnorm
178,Q0,AP881216-0076,13,82.83094615022837,minmaxnorm
178,Q0,AP891213-0212,14,81.9905010626041,minmaxnorm
178,Q0,AP890814-0004,15,81.07571652878718,minmaxnorm
178,Q0,WSJ900612-0066,16,80.59789079465766,minmaxnorm
178,Q0,AP881001-0160,17,72.25235248275288,minmaxnorm
178,Q0,AP881213-0059,18,72.06734449740645,minmaxnorm
178,Q0,AP880330-0120,19,71.79997280078508,minmaxnorm
178,Q0,AP881229-0065,20,66.90487425334268,minmaxnorm
178,Q0,AP890829-0090,21,66.23008308901467,minmaxnorm
178,Q0,WSJ881107-0104,22,64.52855843694259,minmaxnorm
178,Q0,AP881221-0196,23,63.53407945500427,minmaxnorm
178,Q0,WSJ870727-0045,24,63.46345974273523,minmaxnorm
178,Q0,AP890114-0094,25,60.19191832843372,minmaxnorm
178,Q0,AP880802-0073,26,59.82570162694634,minmaxnorm
178,Q0,AP880523-0211,27,59.60481753492478,minmaxnorm
178,Q0,AP880405-0114,28,59.5048616200572,minmaxnorm
178,Q0,AP890526-0051,29,58.679680135041046,minmaxnorm
178,Q0,AP890106-0124,30,58.36505475454501,minmaxnorm
178,Q0,AP881020-0140,31,58.20200430526095,minmaxnorm
178,Q0,AP890201-0108,32,57.88885484601524,minmaxnorm
178,Q0,AP891008-0075,33,56.933091868446745,minmaxnorm
178,Q0,AP881111-0179,34,56.33479781495762,minmaxnorm
178,Q0,AP880506-0101,35,56.15263256606575,minmaxnorm
178,Q0,AP880815-0072,36,55.75916765380471,minmaxnorm
178,Q0,AP891128-0028,37,53.55269330317487,minmaxnorm
178,Q0,WSJ910306-0148,38,52.894730866276454,minmaxnorm
178,Q0,AP890515-0041,39,50.044291203069534,minmaxnorm
178,Q0,AP891004-0065,40,49.44338899936938,minmaxnorm
178,Q0,AP880527-0254,41,49.370623308068346,minmaxnorm
178,Q0,AP890417-0185,42,48.84589369420144,minmaxnorm
178,Q0,AP880505-0197,43,48.20647927401106,minmaxnorm
178,Q0,AP881019-0177,44,47.3753794937619,minmaxnorm
178,Q0,AP891020-0005,45,47.33354892057414,minmaxnorm
178,Q0,AP880826-0118,46,47.191097201759966,minmaxnorm
178,Q0,AP890919-0133,47,46.99844858146769,minmaxnorm
178,Q0,AP890714-0097,48,46.757080509488965,minmaxnorm
178,Q0,AP880330-0111,49,46.58741244552262,minmaxnorm
178,Q0,WSJ900410-0098,50,46.574047305789314,minmaxnorm
178,Q0,AP881222-0155,51,45.006727442264626,minmaxnorm
178,Q0,AP880506-0152,52,44.858183229365025,minmaxnorm
178,Q0,AP890728-0159,53,44.803281518613666,minmaxnorm
178,Q0,AP891114-0102,54,42.04562534595015,minmaxnorm
178,Q0,AP890928-0233,55,41.09066992661437,minmaxnorm
178,Q0,AP881031-0072,56,40.74257172758002,minmaxnorm
178,Q0,AP880318-0136,57,40.653949776116804,minmaxnorm
178,Q0,WSJ910522-0119,58,40.54175829814383,minmaxnorm
178,Q0,AP881106-0016,59,40.320098802413234,minmaxnorm
178,Q0,AP890923-0116,60,39.3355542241052,minmaxnorm
178,Q0,AP890911-0017,61,39.27483551916496,minmaxnorm
178,Q0,AP890316-0100,62,39.23291179427699,minmaxnorm
178,Q0,DOE1-35-0082,63,38.69360326216268,minmaxnorm
178,Q0,AP881012-0194,64,38.46159816581752,minmaxnorm
178,Q0,AP880606-0143,65,38.059619215293864,minmaxnorm
178,Q0,AP880717-0054,66,37.80499496644819,minmaxnorm
178,Q0,DOE1-35-0076,67,37.05485221033459,minmaxnorm
178,Q0,DOE1-35-0041,68,36.14429985292803,minmaxnorm
178,Q0,AP891025-0102,69,35.87459708648393,minmaxnorm
178,Q0,AP880513-0030,70,34.990458256460414,minmaxnorm
178,Q0,AP880730-0101,71,34.71702517400583,minmaxnorm
178,Q0,AP890522-0156,72,34.69669806286109,minmaxnorm
178,Q0,AP890426-0103,73,34.55503322199169,minmaxnorm
178,Q0,AP891129-0138,74,34.40386519591571,minmaxnorm
178,Q0,AP880528-0074,75,34.32253867616269,minmaxnorm
178,Q0,AP890623-0155,76,33.88883755251966,minmaxnorm
178,Q0,AP891127-0069,77,33.69074619704432,minmaxnorm
178,Q0,AP890619-0008,78,33.478388462684194,minmaxnorm
178,Q0,AP890215-0070,79,32.86599886682839,minmaxnorm
178,Q0,AP881214-0187,80,32.76684272733941,minmaxnorm
178,Q0,WSJ870713-0114,81,32.66849061092284,minmaxnorm
178,Q0,DOE1-86-1302,82,32.64483129562032,minmaxnorm
178,Q0,DOE1-35-0049,83,32.369504857656906,minmaxnorm
178,Q0,DOE2-55-0355,84,32.02274109717893,minmaxnorm
178,Q0,AP881221-0012,85,31.853193769374396,minmaxnorm
178,Q0,AP880318-0133,86,31.83868975996231,minmaxnorm
178,Q0,AP891013-0053,87,31.25965347725108,minmaxnorm
178,Q0,AP890206-0217,88,31.124115673656302,minmaxnorm
178,Q0,AP891027-0055,89,30.76306273311109,minmaxnorm
178,Q0,AP890523-0140,90,30.284035835800164,minmaxnorm
178,Q0,AP890523-0067,91,30.242875816114896,minmaxnorm
178,Q0,DOE2-69-0856,92,30.100841564562604,minmaxnorm
178,Q0,AP891215-0013,93,29.560531288714056,minmaxnorm
178,Q0,AP880411-0095,94,29.090071569070165,minmaxnorm
178,Q0,AP890714-0016,95,29.07726484475634,minmaxnorm
178,Q0,AP880330-0176,96,28.90223335946866,minmaxnorm
178,Q0,DOE1-06-0573,97,28.790946713086132,minmaxnorm
178,Q0,WSJ870918-0001,98,28.73652672600687,minmaxnorm
178,Q0,AP881022-0090,99,28.663194992123334,minmaxnorm
178,Q0,WSJ910819-0048,100,28.61966120855951,minmaxnorm
178,Q0,WSJ881108-0133,101,28.432288176548333,minmaxnorm
178,Q0,AP890313-0163,102,28.40084064838909,minmaxnorm
178,Q0,AP890107-0140,103,28.309398988487114,minmaxnorm
178,Q0,AP880603-0166,104,28.298298850266452,minmaxnorm
178,Q0,AP891031-0025,105,28.260815651120925,minmaxnorm
178,Q0,AP890831-0170,106,28.033461694544503,minmaxnorm
178,Q0,WSJ910220-0010,107,27.963801407329935,minmaxnorm
178,Q0,AP880227-0118,108,27.86186443746952,minmaxnorm
178,Q0,AP880823-0015,109,27.66983291179826,minmaxnorm
178,Q0,AP891215-0228,110,27.52134559700215,minmaxnorm
178,Q0,AP880420-0133,111,27.27696025536336,minmaxnorm
178,Q0,AP880427-0091,112,27.27212201490108,minmaxnorm
178,Q0,AP881204-0009,113,27.26701121851128,minmaxnorm
178,Q0,AP880310-0193,114,27.259992003189687,minmaxnorm
178,Q0,AP880329-0168,115,27.19992117096937,minmaxnorm
178,Q0,AP890913-0222,116,27.167567534086036,minmaxnorm
178,Q0,DOE2-28-0607,117,27.136652994683754,minmaxnorm
178,Q0,AP890212-0090,118,26.998154635573403,minmaxnorm
178,Q0,AP881210-0053,119,26.807651860257657,minmaxnorm
178,Q0,WSJ900709-0039,120,26.657579573971162,minmaxnorm
178,Q0,AP890218-0070,121,26.588376129693767,minmaxnorm
178,Q0,AP890322-0056,122,26.411320742356985,minmaxnorm
178,Q0,AP890530-0047,123,26.396949466067813,minmaxnorm
178,Q0,AP880229-0249,124,26.28163683435457,minmaxnorm
178,Q0,AP891125-0066,125,26.16293605472888,minmaxnorm
178,Q0,AP890113-0049,126,26.08758048043218,minmaxnorm
178,Q0,AP890831-0052,127,25.88171011879144,minmaxnorm
178,Q0,AP880617-0076,128,25.848993554601577,minmaxnorm
178,Q0,DOE1-55-0818,129,25.82257951601076,minmaxnorm
178,Q0,AP890623-0111,130,25.581155063820873,minmaxnorm
178,Q0,AP890822-0053,131,25.540708817481605,minmaxnorm
178,Q0,AP890328-0045,132,25.49329207445654,minmaxnorm
178,Q0,AP890228-0172,133,25.334475577593494,minmaxnorm
178,Q0,WSJ911205-0021,134,25.27188630692701,minmaxnorm
178,Q0,AP890323-0166,135,25.177512715086962,minmaxnorm
178,Q0,AP880311-0072,136,25.156315363862863,minmaxnorm
178,Q0,AP891024-0140,137,25.14864734027961,minmaxnorm
178,Q0,AP881209-0004,138,25.12897111395378,minmaxnorm
178,Q0,AP880706-0254,139,25.12294324490581,minmaxnorm
178,Q0,AP891122-0068,140,25.024807365587808,minmaxnorm
178,Q0,WSJ910221-0107,141,24.932248927571976,minmaxnorm
178,Q0,AP880612-0053,142,24.754390907123103,minmaxnorm
178,Q0,AP881130-0118,143,24.714975593321014,minmaxnorm
178,Q0,WSJ910207-0150,144,24.538823939834987,minmaxnorm
178,Q0,AP880322-0089,145,24.48520526948956,minmaxnorm
178,Q0,AP891220-0205,146,23.98002322887924,minmaxnorm
178,Q0,AP890622-0134,147,23.844721091845198,minmaxnorm
178,Q0,AP890630-0191,148,23.836340596186897,minmaxnorm
178,Q0,AP891205-0057,149,23.73928241931294,minmaxnorm
178,Q0,AP880622-0102,150,23.64863939107812,minmaxnorm
178,Q0,AP880401-0081,151,23.585921033826946,minmaxnorm
178,Q0,AP880812-0005,152,23.571885628046807,minmaxnorm
178,Q0,AP891207-0045,153,23.500644088437976,minmaxnorm
178,Q0,AP880324-0129,154,23.298458657661076,minmaxnorm
178,Q0,AP891012-0015,155,23.05708922388503,minmaxnorm
178,Q0,AP890227-0092,156,22.96184940047122,minmaxnorm
178,Q0,WSJ900423-0005,157,22.81951564773982,minmaxnorm
178,Q0,WSJ900529-0150,158,22.749082236736836,minmaxnorm
178,Q0,AP891118-0151,159,22.657364852190067,minmaxnorm
178,Q0,WSJ881003-0174,160,22.635494386400165,minmaxnorm
178,Q0,AP880930-0087,161,22.634966926054712,minmaxnorm
178,Q0,AP880302-0226,162,22.502995924122573,minmaxnorm
178,Q0,DOE1-35-0085,163,22.46842726090207,minmaxnorm
178,Q0,AP890228-0019,164,22.465508540815925,minmaxnorm
178,Q0,AP890116-0045,165,22.421234095400802,minmaxnorm
178,Q0,WSJ890814-0121,166,22.40651500258877,minmaxnorm
178,Q0,AP880417-0070,167,22.07727731518916,minmaxnorm
178,Q0,AP890131-0063,168,21.8135284401684,minmaxnorm
178,Q0,AP890313-0097,169,21.81145080916969,minmaxnorm
178,Q0,AP880330-0126,170,21.64434405649527,minmaxnorm
178,Q0,WSJ911202-0091,171,21.553499977992598,minmaxnorm
178,Q0,AP890619-0024,172,21.526343376563428,minmaxnorm
178,Q0,DOE1-58-0342,173,21.215211303135284,minmaxnorm
178,Q0,AP880330-0259,174,21.20257900461031,minmaxnorm
178,Q0,AP890109-0037,175,21.102681515547406,minmaxnorm
178,Q0,AP880301-0160,176,20.881455619427914,minmaxnorm
178,Q0,AP890606-0138,177,20.81848448682116,minmaxnorm
178,Q0,WSJ870316-0056,178,20.66847551998789,minmaxnorm
178,Q0,AP890507-0063,179,20.665781769996357,minmaxnorm
178,Q0,AP890105-0040,180,20.62582191935233,minmaxnorm
178,Q0,WSJ871023-0127,181,20.527431539201586,minmaxnorm
178,Q0,AP890209-0126,182,20.520608952911847,minmaxnorm
178,Q0,WSJ910506-0117,183,20.474973216348694,minmaxnorm
178,Q0,AP890130-0123,184,20.428288106060588,minmaxnorm
178,Q0,AP880606-0044,185,20.401039071304663,minmaxnorm
178,Q0,AP881219-0075,186,20.167622301448827,minmaxnorm
178,Q0,WSJ870903-0058,187,20.115939107996397,minmaxnorm
178,Q0,AP881119-0145,188,19.97837152272564,minmaxnorm
178,Q0,WSJ900711-0049,189,19.971951325645612,minmaxnorm
178,Q0,DOE1-14-0146,190,19.912944245908967,minmaxnorm
178,Q0,WSJ910502-0030,191,19.886245138622638,minmaxnorm
178,Q0,AP881031-0200,192,19.875874718143407,minmaxnorm
178,Q0,AP891202-0104,193,19.86548433066832,minmaxnorm
178,Q0,AP890218-0027,194,19.588506010645,minmaxnorm
178,Q0,AP881206-0021,195,19.54964784806815,minmaxnorm
178,Q0,AP881116-0033,196,19.418506233677977,minmaxnorm
178,Q0,AP890526-0014,197,19.310483100741028,minmaxnorm
178,Q0,AP881130-0058,198,19.22764520771984,minmaxnorm
178,Q0,AP881215-0096,199,19.190643001651672,minmaxnorm
178,Q0,DOE2-50-0531,200,19.174546372709216,minmaxnorm
178,Q0,AP881217-0078,201,19.165545940519422,minmaxnorm
178,Q0,AP880518-0128,202,19.141373724023833,minmaxnorm
178,Q0,AP881201-0072,203,19.059014043794715,minmaxnorm
178,Q0,ZF207-522-566,204,19.058309267625695,minmaxnorm
178,Q0,AP880527-0252,205,19.018896466861637,minmaxnorm
178,Q0,WSJ911011-0173,206,18.85519328239659,minmaxnorm
178,Q0,AP880311-0157,207,18.85320812505835,minmaxnorm
178,Q0,AP891117-0011,208,18.78413729886089,minmaxnorm
178,Q0,FR89315-0033,209,18.73263493866131,minmaxnorm
178,Q0,AP890629-0170,210,18.633605728401495,minmaxnorm
178,Q0,AP891020-0207,211,18.440842001801165,minmaxnorm
178,Q0,AP890718-0175,212,18.42673984888666,minmaxnorm
178,Q0,AP880329-0106,213,18.34528165649727,minmaxnorm
178,Q0,WSJ910108-0063,214,18.265433623594383,minmaxnorm
178,Q0,AP890731-0135,215,18.139783631866685,minmaxnorm
178,Q0,AP880711-0070,216,18.10932071787682,minmaxnorm
178,Q0,AP890302-0121,217,18.10302192678906,minmaxnorm
178,Q0,AP890208-0094,218,18.09302662226265,minmaxnorm
178,Q0,AP890906-0074,219,18.051339574035378,minmaxnorm
178,Q0,DOE2-53-0120,220,17.983923649963703,minmaxnorm
178,Q0,AP880802-0007,221,17.950453202572973,minmaxnorm
178,Q0,WSJ920117-0096,222,17.91894435613026,minmaxnorm
178,Q0,WSJ910320-0134,223,17.907012310944737,minmaxnorm
178,Q0,DOE1-35-0044,224,17.903390955193807,minmaxnorm
178,Q0,AP890216-0135,225,17.798830557148786,minmaxnorm
178,Q0,AP881201-0207,226,17.79178705685898,minmaxnorm
178,Q0,AP890804-0126,227,17.781410375892243,minmaxnorm
178,Q0,AP890907-0110,228,17.766369881922856,minmaxnorm
178,Q0,DOE1-79-0797,229,17.758093947313068,minmaxnorm
178,Q0,AP881114-0152,230,17.74947863282799,minmaxnorm
178,Q0,AP880624-0200,231,17.747369965574542,minmaxnorm
178,Q0,AP890607-0067,232,17.734755911133412,minmaxnorm
178,Q0,WSJ911227-0103,233,17.60491461314364,minmaxnorm
178,Q0,AP880801-0232,234,17.582669986923033,minmaxnorm
178,Q0,DOE1-78-0712,235,17.561011266869844,minmaxnorm
178,Q0,WSJ890804-0087,236,17.504281855466107,minmaxnorm
178,Q0,WSJ861208-0143,237,17.451341382096253,minmaxnorm
178,Q0,AP891118-0056,238,17.34127279695936,minmaxnorm
178,Q0,AP890926-0114,239,17.291563658588025,minmaxnorm
178,Q0,DOE1-35-0077,240,17.212390519124877,minmaxnorm
178,Q0,AP881126-0043,241,17.123801107356588,minmaxnorm
178,Q0,WSJ910926-0118,242,17.023480651771063,minmaxnorm
178,Q0,AP891102-0198,243,16.99442442804232,minmaxnorm
178,Q0,AP880421-0095,244,16.917410844935837,minmaxnorm
178,Q0,AP880502-0211,245,16.866046337457245,minmaxnorm
178,Q0,DOE2-04-0901,246,16.83313517809258,minmaxnorm
178,Q0,AP880521-0077,247,16.831763690853062,minmaxnorm
178,Q0,AP891030-0256,248,16.825758081348415,minmaxnorm
178,Q0,WSJ880203-0163,249,16.73395371703827,minmaxnorm
178,Q0,AP881112-0088,250,16.641956709619354,minmaxnorm
178,Q0,WSJ910924-0016,251,16.621928684951225,minmaxnorm
178,Q0,AP890516-0185,252,16.380586418658343,minmaxnorm
178,Q0,AP881027-0156,253,16.35728753581069,minmaxnorm
178,Q0,AP881003-0094,254,16.308257612414895,minmaxnorm
178,Q0,AP891213-0153,255,16.295020960458597,minmaxnorm
178,Q0,WSJ911127-0131,256,16.249710738005998,minmaxnorm
178,Q0,AP880606-0209,257,16.238140263577748,minmaxnorm
178,Q0,AP880815-0212,258,16.178774612822213,minmaxnorm
178,Q0,WSJ910412-0020,259,16.13762866358115,minmaxnorm
178,Q0,AP880616-0063,260,16.06796259475769,minmaxnorm
178,Q0,AP890912-0125,261,15.96479172074988,minmaxnorm
178,Q0,AP880514-0110,262,15.863904093040404,minmaxnorm
178,Q0,AP880517-0083,263,15.83170210445031,minmaxnorm
178,Q0,WSJ910821-0092,264,15.786565872510204,minmaxnorm
178,Q0,AP890213-0097,265,15.753718483622363,minmaxnorm
178,Q0,WSJ870601-0120,266,15.744836281820385,minmaxnorm
178,Q0,AP890901-0080,267,15.739651494319313,minmaxnorm
178,Q0,FR88514-0001,268,15.679419906678545,minmaxnorm
178,Q0,AP890601-0072,269,15.615895783989359,minmaxnorm
178,Q0,AP880724-0043,270,15.607214132416955,minmaxnorm
178,Q0,AP880823-0107,271,15.597563217915077,minmaxnorm
178,Q0,AP881124-0081,272,15.565626755225605,minmaxnorm
178,Q0,WSJ910814-0096,273,15.510430694470857,minmaxnorm
178,Q0,AP890303-0001,274,15.428203504242926,minmaxnorm
178,Q0,AP890915-0195,275,15.407939800322886,minmaxnorm
178,Q0,DOE1-35-0074,276,15.396570750807044,minmaxnorm
178,Q0,WSJ900627-0041,277,15.249256760883682,minmaxnorm
178,Q0,WSJ880518-0028,278,15.190625670769489,minmaxnorm
178,Q0,AP880702-0002,279,15.15094244525768,minmaxnorm
178,Q0,AP881007-0152,280,15.083912592032213,minmaxnorm
178,Q0,AP880414-0218,281,14.81727995945595,minmaxnorm
178,Q0,WSJ890829-0149,282,14.81226636194148,minmaxnorm
178,Q0,AP890412-0021,283,14.764087146734568,minmaxnorm
178,Q0,AP880512-0198,284,14.670319400225972,minmaxnorm
178,Q0,WSJ910327-0111,285,14.652236799344767,minmaxnorm
178,Q0,AP890719-0134,286,14.619273805512826,minmaxnorm
178,Q0,AP890901-0093,287,14.60542546178485,minmaxnorm
178,Q0,WSJ871007-0081,288,14.563829311105774,minmaxnorm
178,Q0,DOE1-59-0612,289,14.545308096421945,minmaxnorm
178,Q0,AP890306-0140,290,14.537763774399853,minmaxnorm
178,Q0,AP890123-0006,291,14.445634370718643,minmaxnorm
178,Q0,AP890807-0111,292,14.348296933370802,minmaxnorm
178,Q0,AP880922-0098,293,14.345779615859659,minmaxnorm
178,Q0,AP890914-0033,294,14.326847705286829,minmaxnorm
178,Q0,AP880709-0102,295,14.275747757756527,minmaxnorm
178,Q0,AP881101-0109,296,14.249334595577384,minmaxnorm
178,Q0,WSJ880808-0169,297,14.208670891992458,minmaxnorm
178,Q0,WSJ880330-0111,298,14.20007443252982,minmaxnorm
178,Q0,AP890420-0141,299,14.144667612694825,minmaxnorm
178,Q0,FR881207-0077,300,14.141216721209902,minmaxnorm
178,Q0,AP880318-0073,301,14.13221118145815,minmaxnorm
178,Q0,AP890903-0065,302,14.112074879892816,minmaxnorm
178,Q0,AP890119-0215,303,14.104197488877011,minmaxnorm
178,Q0,AP890531-0109,304,14.099281685500939,minmaxnorm
178,Q0,AP881004-0151,305,14.097821909404079,minmaxnorm
178,Q0,AP890803-0304,306,14.051272161839716,minmaxnorm
178,Q0,AP890215-0101,307,13.956358308193263,minmaxnorm
178,Q0,AP881215-0204,308,13.914306157487736,minmaxnorm
178,Q0,WSJ910502-0010,309,13.906278067186639,minmaxnorm
178,Q0,AP880301-0078,310,13.892091598933865,minmaxnorm
178,Q0,WSJ910725-0068,311,13.849753407265505,minmaxnorm
178,Q0,AP881106-0015,312,13.80124050973936,minmaxnorm
178,Q0,AP880408-0159,313,13.800527288754765,minmaxnorm
178,Q0,WSJ870112-0100,314,13.786405457054087,minmaxnorm
178,Q0,AP890115-0014,315,13.741999456587514,minmaxnorm
178,Q0,AP890820-0072,316,13.672814999232363,minmaxnorm
178,Q0,WSJ910322-0150,317,13.67133531217948,minmaxnorm
178,Q0,DOE1-35-0079,318,13.670607891406712,minmaxnorm
178,Q0,WSJ880824-0079,319,13.57223361922182,minmaxnorm
178,Q0,FR881121-0046,320,13.564638491600087,minmaxnorm
178,Q0,AP880614-0003,321,13.515745037280753,minmaxnorm
178,Q0,AP880613-0006,322,13.495181780062198,minmaxnorm
178,Q0,WSJ910318-0132,323,13.475858526580522,minmaxnorm
178,Q0,AP880625-0019,324,13.471525957546161,minmaxnorm
178,Q0,AP891025-0108,325,13.458086703987977,minmaxnorm
178,Q0,AP880310-0062,326,13.450508629418453,minmaxnorm
178,Q0,AP880716-0071,327,13.444699156223027,minmaxnorm
178,Q0,AP881117-0070,328,13.436867377908161,minmaxnorm
178,Q0,DOE1-21-1037,329,13.355713503481088,minmaxnorm
178,Q0,AP890112-0087,330,13.34208437124077,minmaxnorm
178,Q0,AP881108-0086,331,13.339029143903627,minmaxnorm
178,Q0,AP891103-0214,332,13.30209480236296,minmaxnorm
178,Q0,WSJ880126-0161,333,13.291290557991056,minmaxnorm
178,Q0,DOE1-43-0942,334,13.238523645925223,minmaxnorm
178,Q0,AP880625-0074,335,13.181303757264544,minmaxnorm
178,Q0,FR88208-0016,336,13.129207592662517,minmaxnorm
178,Q0,AP880418-0209,337,13.087389931456226,minmaxnorm
178,Q0,WSJ880726-0050,338,13.082570929550394,minmaxnorm
178,Q0,DOE2-15-0029,339,13.056144686195157,minmaxnorm
178,Q0,AP891018-0100,340,13.029022593007765,minmaxnorm
178,Q0,AP890920-0028,341,13.028807312360351,minmaxnorm
178,Q0,DOE1-35-0050,342,13.02107919401748,minmaxnorm
178,Q0,AP890627-0167,343,13.014811531078296,minmaxnorm
178,Q0,WSJ900607-0130,344,12.949850626052054,minmaxnorm
178,Q0,FR89315-0032,345,12.87630436356027,minmaxnorm
178,Q0,AP890103-0190,346,12.827002830212399,minmaxnorm
178,Q0,WSJ861211-0134,347,12.812256435617673,minmaxnorm
178,Q0,WSJ880603-0161,348,12.76197797004185,minmaxnorm
178,Q0,WSJ900906-0128,349,12.745412468220351,minmaxnorm
178,Q0,AP880416-0069,350,12.742039831408059,minmaxnorm
178,Q0,DOE1-62-0677,351,12.71657074364235,minmaxnorm
178,Q0,DOE1-62-0145,352,12.712752772372719,minmaxnorm
178,Q0,DOE2-82-0808,353,12.69342892728103,minmaxnorm
178,Q0,AP880420-0199,354,12.639799555642414,minmaxnorm
178,Q0,AP890116-0031,355,12.586366999406216,minmaxnorm
178,Q0,AP890506-0035,356,12.53172021160785,minmaxnorm
178,Q0,AP890812-0094,357,12.473645761973195,minmaxnorm
178,Q0,WSJ910624-0121,358,12.464088256722942,minmaxnorm
178,Q0,FR881020-0041,359,12.452563291580192,minmaxnorm
178,Q0,AP880420-0159,360,12.443631655728446,minmaxnorm
178,Q0,AP880830-0021,361,12.44018800044035,minmaxnorm
178,Q0,AP890630-0112,362,12.392035556150223,minmaxnorm
178,Q0,AP890218-0049,363,12.324909029696961,minmaxnorm
178,Q0,WSJ870521-0019,364,12.278977601534013,minmaxnorm
178,Q0,FR88607-0109,365,12.26200758344213,minmaxnorm
178,Q0,AP891030-0192,366,12.257729239719845,minmaxnorm
178,Q0,WSJ910222-0169,367,12.253520932699372,minmaxnorm
178,Q0,AP880412-0189,368,12.217336401576738,minmaxnorm
178,Q0,AP880918-0023,369,12.145000630001082,minmaxnorm
178,Q0,WSJ870430-0087,370,12.141453960170201,minmaxnorm
178,Q0,AP891117-0123,371,12.120749173477803,minmaxnorm
178,Q0,WSJ900719-0049,372,12.118240159604728,minmaxnorm
178,Q0,AP880627-0025,373,12.11537275154452,minmaxnorm
178,Q0,WSJ911205-0144,374,12.070796618653581,minmaxnorm
178,Q0,AP880630-0112,375,11.998762129149194,minmaxnorm
178,Q0,AP890113-0206,376,11.972898427903166,minmaxnorm
178,Q0,AP890823-0110,377,11.94209812189933,minmaxnorm
178,Q0,AP890913-0126,378,11.93424870572046,minmaxnorm
178,Q0,AP880405-0189,379,11.931773910244905,minmaxnorm
178,Q0,WSJ910730-0007,380,11.897334560600646,minmaxnorm
178,Q0,DOE1-58-0353,381,11.713467023388219,minmaxnorm
178,Q0,FR89315-0031,382,11.709445438204622,minmaxnorm
178,Q0,AP880810-0270,383,11.649017009627032,minmaxnorm
178,Q0,AP880419-0200,384,11.635462496996412,minmaxnorm
178,Q0,AP890324-0183,385,11.596448060197963,minmaxnorm
178,Q0,AP890228-0160,386,11.592140717993843,minmaxnorm
178,Q0,AP880616-0102,387,11.57023712833542,minmaxnorm
178,Q0,AP881207-0050,388,11.561990365364936,minmaxnorm
178,Q0,AP891128-0149,389,11.547840087351544,minmaxnorm
178,Q0,AP881114-0029,390,11.523978430175747,minmaxnorm
178,Q0,DOE1-57-0305,391,11.464852536888785,minmaxnorm
178,Q0,AP890711-0072,392,11.431881350966425,minmaxnorm
178,Q0,AP890911-0097,393,11.421364316853122,minmaxnorm
178,Q0,DOE1-59-0672,394,11.410183652266607,minmaxnorm
178,Q0,AP880817-0022,395,11.37979880093989,minmaxnorm
178,Q0,AP881214-0149,396,11.370664451462915,minmaxnorm
178,Q0,AP891127-0168,397,11.362560921746768,minmaxnorm
178,Q0,AP881213-0076,398,11.343143326425258,minmaxnorm
178,Q0,AP890309-0166,399,11.304878841926492,minmaxnorm
178,Q0,WSJ911120-0080,400,11.294988254405723,minmaxnorm
178,Q0,AP890501-0141,401,11.277111369425604,minmaxnorm
178,Q0,AP881020-0180,402,11.26955646773866,minmaxnorm
178,Q0,WSJ900413-0192,403,11.21706957043517,minmaxnorm
178,Q0,AP890701-0105,404,11.194908451853845,minmaxnorm
178,Q0,AP880914-0073,405,11.17899731471553,minmaxnorm
178,Q0,WSJ880624-0068,406,11.11009008068631,minmaxnorm
178,Q0,AP890901-0126,407,11.094150036590257,minmaxnorm
178,Q0,AP890615-0183,408,11.057739700503799,minmaxnorm
178,Q0,DOE2-23-0667,409,10.97977703297705,minmaxnorm
178,Q0,DOE2-04-0889,410,10.949580880791414,minmaxnorm
178,Q0,WSJ910301-0183,411,10.932980505102595,minmaxnorm
178,Q0,AP881115-0044,412,10.885273565245976,minmaxnorm
178,Q0,DOE2-12-1107,413,10.872675073067136,minmaxnorm
178,Q0,AP890324-0038,414,10.831595553952878,minmaxnorm
178,Q0,WSJ870616-0075,415,10.80191909173806,minmaxnorm
178,Q0,WSJ920302-0142,416,10.763682783634033,minmaxnorm
178,Q0,AP880318-0021,417,10.679333430043917,minmaxnorm
178,Q0,AP891227-0055,418,10.678473974526526,minmaxnorm
178,Q0,DOE1-22-0320,419,10.677525326726999,minmaxnorm
178,Q0,AP880610-0061,420,10.673375343222533,minmaxnorm
178,Q0,DOE2-45-0024,421,10.67178990774923,minmaxnorm
178,Q0,AP880718-0034,422,10.656914213352744,minmaxnorm
178,Q0,DOE2-30-0919,423,10.627861041435903,minmaxnorm
178,Q0,AP881214-0140,424,10.601961598756832,minmaxnorm
178,Q0,AP891213-0154,425,10.586930559584601,minmaxnorm
178,Q0,WSJ880708-0147,426,10.578409139654845,minmaxnorm
178,Q0,AP881002-0078,427,10.572929091836908,minmaxnorm
178,Q0,WSJ890801-0052,428,10.560296113408326,minmaxnorm
178,Q0,FR891005-0097,429,10.557498755691368,minmaxnorm
178,Q0,AP881110-0076,430,10.529048021916719,minmaxnorm
178,Q0,AP891008-0067,431,10.518981075286492,minmaxnorm
178,Q0,FR88516-0128,432,10.51623678820139,minmaxnorm
178,Q0,DOE2-23-0733,433,10.513426726027705,minmaxnorm
178,Q0,DOE1-94-0680,434,10.461053760810085,minmaxnorm
178,Q0,AP890623-0153,435,10.416203742117563,minmaxnorm
178,Q0,AP890718-0089,436,10.39628233590464,minmaxnorm
178,Q0,AP891025-0019,437,10.394055927323254,minmaxnorm
178,Q0,DOE1-35-0048,438,10.38812146743514,minmaxnorm
178,Q0,AP891208-0168,439,10.381810507039118,minmaxnorm
178,Q0,AP890707-0070,440,10.360626121635521,minmaxnorm
178,Q0,AP890103-0066,441,10.34872263406308,minmaxnorm
178,Q0,WSJ870422-0134,442,10.330822321798067,minmaxnorm
178,Q0,AP881003-0065,443,10.28768960827458,minmaxnorm
178,Q0,DOE2-15-0327,444,10.271382035578329,minmaxnorm
178,Q0,DOE1-95-0687,445,10.265563934778928,minmaxnorm
178,Q0,AP891117-0139,446,10.249151224422208,minmaxnorm
178,Q0,FR89224-0093,447,10.21932970139614,minmaxnorm
178,Q0,AP890502-0096,448,10.208705780210437,minmaxnorm
178,Q0,DOE2-54-0298,449,10.17723860058112,minmaxnorm
178,Q0,DOE1-21-1117,450,10.171907024028034,minmaxnorm
178,Q0,AP891026-0180,451,10.157292210013397,minmaxnorm
178,Q0,DOE2-64-0917,452,10.147428344585306,minmaxnorm
178,Q0,AP881214-0092,453,10.124597312879065,minmaxnorm
178,Q0,AP890208-0062,454,10.108589154620983,minmaxnorm
178,Q0,AP890501-0090,455,10.101605394354948,minmaxnorm
178,Q0,FR881006-0001,456,10.09159714615981,minmaxnorm
178,Q0,AP891120-0082,457,10.089530849221363,minmaxnorm
178,Q0,AP880628-0096,458,10.07607865062981,minmaxnorm
178,Q0,AP891121-0154,459,10.072933577078704,minmaxnorm
178,Q0,AP891210-0038,460,10.054784276856044,minmaxnorm
178,Q0,AP880527-0054,461,9.976767028802925,minmaxnorm
178,Q0,DOE2-57-1375,462,9.961476706936635,minmaxnorm
178,Q0,AP890906-0208,463,9.95695734605136,minmaxnorm
178,Q0,AP891108-0109,464,9.943776789496194,minmaxnorm
178,Q0,WSJ870615-0001,465,9.911964661320804,minmaxnorm
178,Q0,ZF108-469-558,466,9.85977021386694,minmaxnorm
178,Q0,AP890126-0203,467,9.854698300202832,minmaxnorm
178,Q0,AP881029-0043,468,9.850114873449716,minmaxnorm
178,Q0,DOE2-15-0279,469,9.796595579888303,minmaxnorm
178,Q0,AP890228-0114,470,9.789978436393117,minmaxnorm
178,Q0,AP880323-0180,471,9.781921505422313,minmaxnorm
178,Q0,AP880912-0209,472,9.751542130907831,minmaxnorm
178,Q0,AP891120-0168,473,9.74757440452224,minmaxnorm
178,Q0,WSJ911129-0172,474,9.674835499222254,minmaxnorm
178,Q0,AP890405-0014,475,9.657812309663665,minmaxnorm
178,Q0,WSJ880316-0142,476,9.642998241239816,minmaxnorm
178,Q0,AP890525-0035,477,9.635094851598476,minmaxnorm
178,Q0,AP890712-0205,478,9.587842833632985,minmaxnorm
178,Q0,FR89512-0052,479,9.552139393884975,minmaxnorm
178,Q0,DOE1-11-0243,480,9.549292370858522,minmaxnorm
178,Q0,AP890609-0029,481,9.53491525096787,minmaxnorm
178,Q0,FR89530-0038,482,9.52913607968452,minmaxnorm
178,Q0,FR88127-0032,483,9.509597504306923,minmaxnorm
178,Q0,AP890105-0176,484,9.472520111101764,minmaxnorm
178,Q0,WSJ910322-0023,485,9.44574618442529,minmaxnorm
178,Q0,AP881202-0175,486,9.432318334570763,minmaxnorm
178,Q0,AP890103-0139,487,9.409950015870125,minmaxnorm
178,Q0,AP890103-0191,488,9.406029831059577,minmaxnorm
178,Q0,AP880927-0132,489,9.379140290348916,minmaxnorm
178,Q0,AP890810-0179,490,9.37601914543702,minmaxnorm
178,Q0,AP890619-0052,491,9.37278955687718,minmaxnorm
178,Q0,AP880913-0023,492,9.368088388897489,minmaxnorm
178,Q0,AP881106-0039,493,9.329168459734124,minmaxnorm
178,Q0,AP880526-0017,494,9.267890299301845,minmaxnorm
178,Q0,AP881001-0126,495,9.262304574835547,minmaxnorm
178,Q0,AP881022-0175,496,9.245037065229722,minmaxnorm
178,Q0,WSJ870422-0003,497,9.242014587803364,minmaxnorm
178,Q0,WSJ920305-0049,498,9.233257345029726,minmaxnorm
178,Q0,AP891024-0103,499,9.20012727773964,minmaxnorm
178,Q0,AP890307-0205,500,9.104355617889231,minmaxnorm
178,Q0,DOE1-35-0086,501,9.084890924593632,minmaxnorm
178,Q0,AP891019-0192,502,9.042191197997624,minmaxnorm
178,Q0,AP880522-0035,503,9.03555929354721,minmaxnorm
178,Q0,DOE2-36-0758,504,9.033313875506035,minmaxnorm
178,Q0,AP881028-0041,505,9.011075922286318,minmaxnorm
178,Q0,WSJ910619-0122,506,9.0042474435552,minmaxnorm
178,Q0,DOE1-53-1342,507,9.003702286577042,minmaxnorm
178,Q0,AP890902-0023,508,8.98849861404507,minmaxnorm
178,Q0,AP881125-0079,509,8.98155943772156,minmaxnorm
178,Q0,WSJ871016-0005,510,8.960848303667749,minmaxnorm
178,Q0,WSJ891005-0120,511,8.9443044699963,minmaxnorm
178,Q0,AP880825-0058,512,8.941479264700835,minmaxnorm
178,Q0,AP880526-0100,513,8.937866388186139,minmaxnorm
178,Q0,FR89629-0056,514,8.936209713100332,minmaxnorm
178,Q0,DOE1-54-0991,515,8.922641348325579,minmaxnorm
178,Q0,AP881117-0234,516,8.918088047061417,minmaxnorm
178,Q0,AP880816-0116,517,8.912185621157562,minmaxnorm
178,Q0,AP880603-0296,518,8.91028962267804,minmaxnorm
178,Q0,DOE1-38-1113,519,8.909849169097171,minmaxnorm
178,Q0,WSJ880106-0165,520,8.902681811628867,minmaxnorm
178,Q0,AP890515-0149,521,8.89114726327292,minmaxnorm
178,Q0,AP890607-0071,522,8.889592219177102,minmaxnorm
178,Q0,AP881121-0017,523,8.888126587628758,minmaxnorm
178,Q0,DOE2-23-0759,524,8.875920938356902,minmaxnorm
178,Q0,AP890828-0038,525,8.860227778464868,minmaxnorm
178,Q0,AP891215-0090,526,8.826376668894945,minmaxnorm
178,Q0,AP880425-0066,527,8.824487234535466,minmaxnorm
178,Q0,AP880605-0002,528,8.793911087791319,minmaxnorm
178,Q0,AP890508-0242,529,8.77922113523861,minmaxnorm
178,Q0,FR89316-0131,530,8.773527485245323,minmaxnorm
178,Q0,FR89324-0123,531,8.744074134528475,minmaxnorm
178,Q0,WSJ911126-0116,532,8.740426174979822,minmaxnorm
178,Q0,DOE2-61-0051,533,8.738592939654948,minmaxnorm
178,Q0,AP891203-0051,534,8.735724491750249,minmaxnorm
178,Q0,AP890808-0099,535,8.721413327324258,minmaxnorm
178,Q0,AP890315-0113,536,8.714353106854155,minmaxnorm
178,Q0,AP880905-0135,537,8.661695894284826,minmaxnorm
178,Q0,AP881124-0034,538,8.64992993024483,minmaxnorm
178,Q0,WSJ910703-0069,539,8.610091791722919,minmaxnorm
178,Q0,WSJ871125-0093,540,8.57159810596099,minmaxnorm
178,Q0,DOE2-09-0498,541,8.561250519120595,minmaxnorm
178,Q0,AP890515-0098,542,8.516979238119355,minmaxnorm
178,Q0,AP880330-0221,543,8.501346572209556,minmaxnorm
178,Q0,AP890816-0176,544,8.501257218002117,minmaxnorm
178,Q0,WSJ890726-0004,545,8.49362727362232,minmaxnorm
178,Q0,AP880602-0149,546,8.493588825805755,minmaxnorm
178,Q0,AP880526-0153,547,8.492767195207731,minmaxnorm
178,Q0,AP880331-0182,548,8.463134662365944,minmaxnorm
178,Q0,DOE1-07-0309,549,8.444603957750425,minmaxnorm
178,Q0,WSJ870918-0127,550,8.440234986151252,minmaxnorm
178,Q0,FR891128-0029,551,8.40904370746854,minmaxnorm
178,Q0,AP880818-0248,552,8.39050914974606,minmaxnorm
178,Q0,AP891209-0106,553,8.377387031737271,minmaxnorm
178,Q0,AP880414-0133,554,8.375343431765904,minmaxnorm
178,Q0,AP881223-0076,555,8.365043159537612,minmaxnorm
178,Q0,AP891119-0051,556,8.350653710270315,minmaxnorm
178,Q0,AP881220-0177,557,8.341805686172215,minmaxnorm
178,Q0,WSJ861219-0020,558,8.321790992173892,minmaxnorm
178,Q0,FR88607-0041,559,8.314332649329092,minmaxnorm
178,Q0,ZF109-716-447,560,8.31413847811466,minmaxnorm
178,Q0,AP890831-0179,561,8.28951528849487,minmaxnorm
178,Q0,AP880414-0149,562,8.26104777455872,minmaxnorm
178,Q0,AP890711-0084,563,8.251306734350894,minmaxnorm
178,Q0,AP890308-0048,564,8.243701950086294,minmaxnorm
178,Q0,AP890514-0046,565,8.234463271504875,minmaxnorm
178,Q0,ZF109-617-801,566,8.226771631223134,minmaxnorm
178,Q0,DOE1-73-0665,567,8.189755462388927,minmaxnorm
178,Q0,AP890515-0118,568,8.160183811926354,minmaxnorm
178,Q0,AP890412-0031,569,8.159224742485986,minmaxnorm
178,Q0,AP890202-0177,570,8.127799343479964,minmaxnorm
178,Q0,AP880907-0137,571,8.11688483229845,minmaxnorm
178,Q0,WSJ910826-0105,572,8.109933425042229,minmaxnorm
178,Q0,WSJ881012-0127,573,8.102095682231958,minmaxnorm
178,Q0,WSJ880804-0154,574,8.091111913405198,minmaxnorm
178,Q0,AP890511-0104,575,8.075034341378409,minmaxnorm
178,Q0,AP891118-0126,576,8.070453831371132,minmaxnorm
178,Q0,DOE2-65-1036,577,8.065615871222398,minmaxnorm
178,Q0,FR89117-0082,578,8.065088346271981,minmaxnorm
178,Q0,AP880407-0152,579,8.056878809230192,minmaxnorm
178,Q0,AP880615-0116,580,8.049544261234598,minmaxnorm
178,Q0,AP890120-0070,581,8.026747655640783,minmaxnorm
178,Q0,AP880320-0083,582,7.998126220441562,minmaxnorm
178,Q0,AP891005-0042,583,7.997727134148369,minmaxnorm
178,Q0,AP880513-0055,584,7.996954441045244,minmaxnorm
178,Q0,AP880722-0007,585,7.992602560468868,minmaxnorm
178,Q0,AP890712-0091,586,7.980883873717428,minmaxnorm
178,Q0,AP880322-0165,587,7.977329928648114,minmaxnorm
178,Q0,AP881209-0074,588,7.9759660959440595,minmaxnorm
178,Q0,DOE1-37-1020,589,7.974557791246037,minmaxnorm
178,Q0,AP880310-0119,590,7.970358639810142,minmaxnorm
178,Q0,AP890604-0009,591,7.932995659718334,minmaxnorm
178,Q0,DOE2-81-0587,592,7.886402192378645,minmaxnorm
178,Q0,ZF108-263-994,593,7.861487311694358,minmaxnorm
178,Q0,FR89329-0031,594,7.815673417510425,minmaxnorm
178,Q0,AP890323-0191,595,7.810365942258314,minmaxnorm
178,Q0,WSJ910620-0100,596,7.795077844495547,minmaxnorm
178,Q0,WSJ871027-0013,597,7.780945861770187,minmaxnorm
178,Q0,WSJ871110-0020,598,7.763068496554393,minmaxnorm
178,Q0,AP890327-0066,599,7.7573048619857055,minmaxnorm
178,Q0,AP881117-0239,600,7.755501904749825,minmaxnorm
178,Q0,AP891028-0104,601,7.746096676635737,minmaxnorm
178,Q0,AP891031-0203,602,7.743903547872238,minmaxnorm
178,Q0,AP880811-0158,603,7.739718938703505,minmaxnorm
178,Q0,DOE2-30-0314,604,7.7327155346715,minmaxnorm
178,Q0,AP880501-0008,605,7.716043291810016,minmaxnorm
178,Q0,AP880708-0029,606,7.715915314626244,minmaxnorm
178,Q0,AP880805-0014,607,7.715277005160236,minmaxnorm
178,Q0,AP891109-0207,608,7.712073171690997,minmaxnorm
178,Q0,AP880729-0007,609,7.711532075662128,minmaxnorm
178,Q0,WSJ870814-0109,610,7.705492581825871,minmaxnorm
178,Q0,DOE2-71-0040,611,7.703604441443947,minmaxnorm
178,Q0,WSJ871015-0099,612,7.68007537409383,minmaxnorm
178,Q0,WSJ910815-0132,613,7.671979461018637,minmaxnorm
178,Q0,DOE1-44-1122,614,7.6674434677344205,minmaxnorm
178,Q0,AP880324-0134,615,7.665971762439566,minmaxnorm
178,Q0,AP881004-0198,616,7.662827767835557,minmaxnorm
178,Q0,AP880630-0155,617,7.657329630676706,minmaxnorm
178,Q0,AP880908-0139,618,7.64802871131104,minmaxnorm
178,Q0,AP890115-0019,619,7.643569281788151,minmaxnorm
178,Q0,AP880609-0157,620,7.63534313847895,minmaxnorm
178,Q0,AP880410-0038,621,7.6203619008426235,minmaxnorm
178,Q0,AP880616-0138,622,7.601140302212678,minmaxnorm
178,Q0,AP880914-0222,623,7.598638987322241,minmaxnorm
178,Q0,AP880919-0008,624,7.588443065690893,minmaxnorm
178,Q0,AP890901-0181,625,7.583416344214405,minmaxnorm
178,Q0,AP890122-0006,626,7.572752672211951,minmaxnorm
178,Q0,WSJ880203-0118,627,7.569442917493391,minmaxnorm
178,Q0,WSJ900713-0178,628,7.56329659522091,minmaxnorm
178,Q0,AP880623-0242,629,7.552706235314223,minmaxnorm
178,Q0,AP890922-0110,630,7.546939007754084,minmaxnorm
178,Q0,DOE2-22-0898,631,7.54277666938713,minmaxnorm
178,Q0,WSJ870408-0124,632,7.518752521815223,minmaxnorm
178,Q0,WSJ910104-0134,633,7.513713824027516,minmaxnorm
178,Q0,AP890602-0115,634,7.492453911602769,minmaxnorm
178,Q0,AP890828-0157,635,7.48446051474938,minmaxnorm
178,Q0,AP890222-0033,636,7.451238016696067,minmaxnorm
178,Q0,WSJ900914-0108,637,7.436249194672877,minmaxnorm
178,Q0,AP881010-0226,638,7.415452953632948,minmaxnorm
178,Q0,FR89331-0095,639,7.412716125613192,minmaxnorm
178,Q0,FR89224-0157,640,7.405448319435867,minmaxnorm
178,Q0,AP880601-0227,641,7.401256419478901,minmaxnorm
178,Q0,WSJ900815-0029,642,7.392248404053989,minmaxnorm
178,Q0,AP880622-0203,643,7.391707167322404,minmaxnorm
178,Q0,AP881024-0022,644,7.362407288786102,minmaxnorm
178,Q0,ZF109-611-729,645,7.361488569024977,minmaxnorm
178,Q0,AP890705-0046,646,7.353111340984058,minmaxnorm
178,Q0,FR89505-0087,647,7.311112857030391,minmaxnorm
178,Q0,WSJ880113-0006,648,7.311061613483595,minmaxnorm
178,Q0,DOE1-41-0723,649,7.3081545797544,minmaxnorm
178,Q0,AP881115-0279,650,7.307461151295631,minmaxnorm
178,Q0,AP881215-0213,651,7.301812598335047,minmaxnorm
178,Q0,WSJ910207-0007,652,7.295545081786798,minmaxnorm
178,Q0,AP890911-0143,653,7.284242528780355,minmaxnorm
178,Q0,WSJ880125-0158,654,7.266223010225582,minmaxnorm
178,Q0,WSJ891031-0086,655,7.215370246551625,minmaxnorm
178,Q0,AP880403-0023,656,7.2080911126054295,minmaxnorm
178,Q0,WSJ871113-0005,657,7.207473570637159,minmaxnorm
178,Q0,AP890607-0097,658,7.207280485127988,minmaxnorm
178,Q0,AP891103-0153,659,7.2020421331719735,minmaxnorm
178,Q0,WSJ900711-0107,660,7.199992968967161,minmaxnorm
178,Q0,WSJ911112-0121,661,7.199322956302697,minmaxnorm
178,Q0,AP880824-0004,662,7.197948511926062,minmaxnorm
178,Q0,AP890104-0187,663,7.197869377379983,minmaxnorm
178,Q0,AP880411-0077,664,7.19681406220467,minmaxnorm
178,Q0,AP880823-0163,665,7.1946612492619755,minmaxnorm
178,Q0,DOE1-37-0797,666,7.189932087899956,minmaxnorm
178,Q0,WSJ880527-0139,667,7.18724528655051,minmaxnorm
178,Q0,WSJ870518-0011,668,7.175902367910606,minmaxnorm
178,Q0,WSJ880309-0042,669,7.134872580485353,minmaxnorm
178,Q0,AP880713-0194,670,7.1341772561753105,minmaxnorm
178,Q0,AP881115-0079,671,7.121984369174914,minmaxnorm
178,Q0,AP891122-0237,672,7.116939705791535,minmaxnorm
178,Q0,AP880810-0173,673,7.110530838250779,minmaxnorm
178,Q0,WSJ910502-0100,674,7.103887359517285,minmaxnorm
178,Q0,AP880624-0011,675,7.098343680063935,minmaxnorm
178,Q0,DOE1-88-0991,676,7.094710420113862,minmaxnorm
178,Q0,AP880621-0260,677,7.056595267281762,minmaxnorm
178,Q0,WSJ911029-0114,678,7.05268634388125,minmaxnorm
178,Q0,AP880513-0011,679,7.027614912451521,minmaxnorm
178,Q0,WSJ890823-0007,680,7.012686101517864,minmaxnorm
178,Q0,AP880217-0051,681,7.011431602978463,minmaxnorm
178,Q0,AP880225-0252,682,6.9991862037341965,minmaxnorm
178,Q0,AP880822-0225,683,6.972019598799887,minmaxnorm
178,Q0,FR89804-0031,684,6.970058403508472,minmaxnorm
178,Q0,WSJ861202-0105,685,6.96189749911873,minmaxnorm
178,Q0,AP881229-0154,686,6.939685346122799,minmaxnorm
178,Q0,DOE1-61-0883,687,6.9063116277813235,minmaxnorm
178,Q0,WSJ900824-0109,688,6.897010923354122,minmaxnorm
178,Q0,AP880708-0226,689,6.895880715427493,minmaxnorm
178,Q0,AP880623-0021,690,6.889251569853873,minmaxnorm
178,Q0,AP891111-0060,691,6.884755578037733,minmaxnorm
178,Q0,WSJ900507-0103,692,6.8839851398217125,minmaxnorm
178,Q0,AP890509-0049,693,6.882970456281099,minmaxnorm
178,Q0,AP890322-0066,694,6.86774763065897,minmaxnorm
178,Q0,ZF109-458-815,695,6.8605216938087175,minmaxnorm
178,Q0,AP880808-0103,696,6.847547786302694,minmaxnorm
178,Q0,AP890115-0034,697,6.837067358917984,minmaxnorm
178,Q0,WSJ880909-0162,698,6.810904628929073,minmaxnorm
178,Q0,AP880301-0194,699,6.7878879713747144,minmaxnorm
178,Q0,AP890503-0047,700,6.7841037853758905,minmaxnorm
178,Q0,AP881201-0187,701,6.780339512835691,minmaxnorm
178,Q0,DOE1-03-0046,702,6.770030470455913,minmaxnorm
178,Q0,DOE1-35-0053,703,6.754470000610074,minmaxnorm
178,Q0,AP880925-0064,704,6.753072006067674,minmaxnorm
178,Q0,WSJ911202-0049,705,6.734173916487375,minmaxnorm
178,Q0,AP890623-0197,706,6.732086384477341,minmaxnorm
178,Q0,AP890910-0016,707,6.730490072705361,minmaxnorm
178,Q0,AP890803-0066,708,6.728436602093534,minmaxnorm
178,Q0,AP880825-0176,709,6.720181554422007,minmaxnorm
178,Q0,FR891027-0021,710,6.719053569625065,minmaxnorm
178,Q0,WSJ880309-0077,711,6.715568274698055,minmaxnorm
178,Q0,WSJ880713-0176,712,6.701825912574112,minmaxnorm
178,Q0,AP880802-0187,713,6.697453401445966,minmaxnorm
178,Q0,AP890226-0091,714,6.676899817357985,minmaxnorm
178,Q0,AP890618-0057,715,6.668311931452447,minmaxnorm
178,Q0,AP880313-0026,716,6.653120044438475,minmaxnorm
178,Q0,ZF207-886-040,717,6.647203904094514,minmaxnorm
178,Q0,AP891114-0054,718,6.623586484826534,minmaxnorm
178,Q0,WSJ880812-0076,719,6.6064869839053575,minmaxnorm
178,Q0,ZF207-484-090,720,6.599936399917869,minmaxnorm
178,Q0,WSJ911011-0110,721,6.592069086528843,minmaxnorm
178,Q0,AP890929-0068,722,6.5893581415269,minmaxnorm
178,Q0,AP891006-0045,723,6.588244206131749,minmaxnorm
178,Q0,AP890317-0023,724,6.568923985278357,minmaxnorm
178,Q0,AP891121-0002,725,6.563795305277763,minmaxnorm
178,Q0,AP880619-0018,726,6.5531362275241,minmaxnorm
178,Q0,WSJ880907-0002,727,6.5510916828948025,minmaxnorm
178,Q0,WSJ871030-0135,728,6.546345784988332,minmaxnorm
178,Q0,AP890713-0123,729,6.545236666091377,minmaxnorm
178,Q0,AP880307-0162,730,6.5321282727719865,minmaxnorm
178,Q0,AP881222-0111,731,6.532040305201392,minmaxnorm
178,Q0,AP890628-0117,732,6.5209343226870145,minmaxnorm
178,Q0,AP880816-0008,733,6.51178626401801,minmaxnorm
178,Q0,AP880808-0187,734,6.49418611944301,minmaxnorm
178,Q0,AP890306-0120,735,6.473332738867928,minmaxnorm
178,Q0,AP890815-0143,736,6.45268041494332,minmaxnorm
178,Q0,AP890503-0167,737,6.446615815102279,minmaxnorm
178,Q0,AP881117-0214,738,6.445651413709485,minmaxnorm
178,Q0,AP891114-0204,739,6.445025271851631,minmaxnorm
178,Q0,WSJ900619-0072,740,6.442769716754563,minmaxnorm
178,Q0,AP880430-0090,741,6.416890715293482,minmaxnorm
178,Q0,AP890329-0019,742,6.410129808307595,minmaxnorm
178,Q0,AP881123-0131,743,6.395793791228271,minmaxnorm
178,Q0,AP880322-0062,744,6.3949177657264915,minmaxnorm
178,Q0,AP890621-0021,745,6.393192269402313,minmaxnorm
178,Q0,AP890211-0122,746,6.387603505363103,minmaxnorm
178,Q0,WSJ900917-0042,747,6.381105027672319,minmaxnorm
178,Q0,AP890615-0059,748,6.3658972720503675,minmaxnorm
178,Q0,AP890806-0055,749,6.355028035341061,minmaxnorm
178,Q0,AP880823-0102,750,6.343286174360093,minmaxnorm
178,Q0,AP890314-0122,751,6.337590062629951,minmaxnorm
178,Q0,AP890428-0039,752,6.332896456134563,minmaxnorm
178,Q0,DOE2-83-0993,753,6.331874772570509,minmaxnorm
178,Q0,AP890807-0074,754,6.327433985939297,minmaxnorm
178,Q0,AP880602-0266,755,6.307922897224766,minmaxnorm
178,Q0,AP880910-0023,756,6.304346610136331,minmaxnorm
178,Q0,AP881201-0038,757,6.30415580875527,minmaxnorm
178,Q0,AP880510-0178,758,6.303479714608297,minmaxnorm
178,Q0,AP890307-0124,759,6.3013728301749765,minmaxnorm
178,Q0,AP891230-0040,760,6.299642887761371,minmaxnorm
178,Q0,AP880622-0128,761,6.287184591843486,minmaxnorm
178,Q0,WSJ910912-0103,762,6.286923584852738,minmaxnorm
178,Q0,AP890413-0179,763,6.279836438448785,minmaxnorm
178,Q0,DOE1-83-0909,764,6.272569138837676,minmaxnorm
178,Q0,AP880415-0082,765,6.270744892518278,minmaxnorm
178,Q0,AP880319-0035,766,6.267612376560933,minmaxnorm
178,Q0,WSJ900706-0100,767,6.266230994161763,minmaxnorm
178,Q0,WSJ870713-0046,768,6.251181426393797,minmaxnorm
178,Q0,FR89313-0088,769,6.250523916042953,minmaxnorm
178,Q0,AP880505-0132,770,6.2441586714729995,minmaxnorm
178,Q0,AP890302-0017,771,6.243963338310291,minmaxnorm
178,Q0,AP880222-0165,772,6.2433930269670554,minmaxnorm
178,Q0,AP880913-0214,773,6.23948803783628,minmaxnorm
178,Q0,AP880623-0273,774,6.2307049677798085,minmaxnorm
178,Q0,WSJ911216-0060,775,6.226676055250698,minmaxnorm
178,Q0,AP880922-0029,776,6.225828580456988,minmaxnorm
178,Q0,AP880830-0161,777,6.223283108371878,minmaxnorm
178,Q0,AP880304-0048,778,6.2005592567962236,minmaxnorm
178,Q0,AP881130-0040,779,6.194061813180583,minmaxnorm
178,Q0,AP890919-0006,780,6.180119284671743,minmaxnorm
178,Q0,AP880229-0250,781,6.179995910878161,minmaxnorm
178,Q0,AP880726-0124,782,6.176793483299343,minmaxnorm
178,Q0,WSJ911011-0073,783,6.176541094318895,minmaxnorm
178,Q0,AP881031-0088,784,6.169015504860107,minmaxnorm
178,Q0,AP890130-0036,785,6.1623726946580595,minmaxnorm
178,Q0,WSJ920316-0105,786,6.154465775901734,minmaxnorm
178,Q0,WSJ881111-0143,787,6.106517130298657,minmaxnorm
178,Q0,AP891108-0034,788,6.101780401159161,minmaxnorm
178,Q0,AP891123-0003,789,6.101699875631192,minmaxnorm
178,Q0,AP890726-0143,790,6.093033343150111,minmaxnorm
178,Q0,AP880610-0209,791,6.071037584347944,minmaxnorm
178,Q0,DOE2-06-0173,792,6.064411619559481,minmaxnorm
178,Q0,WSJ880211-0059,793,6.058418675363407,minmaxnorm
178,Q0,DOE1-89-0206,794,6.055040796774457,minmaxnorm
178,Q0,WSJ911018-0143,795,6.050993164644819,minmaxnorm
178,Q0,AP880616-0066,796,6.046719609070816,minmaxnorm
178,Q0,AP890111-0195,797,6.045252162988526,minmaxnorm
178,Q0,AP890616-0071,798,6.0389084451255535,minmaxnorm
178,Q0,AP890606-0084,799,6.037590171947529,minmaxnorm
178,Q0,WSJ900824-0130,800,6.037451202419054,minmaxnorm
178,Q0,ZF109-670-473,801,6.036333651398262,minmaxnorm
178,Q0,WSJ900614-0128,802,6.033037936428107,minmaxnorm
178,Q0,AP881026-0040,803,6.031808953137125,minmaxnorm
178,Q0,AP890513-0002,804,6.00468183033348,minmaxnorm
178,Q0,WSJ880718-0123,805,5.994069013429381,minmaxnorm
178,Q0,FR88728-0019,806,5.988412421968558,minmaxnorm
178,Q0,AP880317-0199,807,5.981674486868312,minmaxnorm
178,Q0,DOE1-19-0921,808,5.967483364174069,minmaxnorm
178,Q0,AP880501-0034,809,5.95472285885401,minmaxnorm
178,Q0,AP881210-0145,810,5.9517991224799,minmaxnorm
178,Q0,WSJ910426-0118,811,5.946676433424878,minmaxnorm
178,Q0,WSJ880916-0190,812,5.926186890858925,minmaxnorm
178,Q0,WSJ900725-0151,813,5.921865267645083,minmaxnorm
178,Q0,WSJ911120-0086,814,5.919860573170537,minmaxnorm
178,Q0,AP890704-0066,815,5.905249202305951,minmaxnorm
178,Q0,AP880816-0217,816,5.904798318515446,minmaxnorm
178,Q0,AP881009-0053,817,5.890168458097154,minmaxnorm
178,Q0,AP890611-0033,818,5.889579946664977,minmaxnorm
178,Q0,AP891213-0096,819,5.878717666954779,minmaxnorm
178,Q0,AP890819-0115,820,5.877136475559957,minmaxnorm
178,Q0,WSJ880509-0136,821,5.869671620455168,minmaxnorm
178,Q0,WSJ910111-0091,822,5.859112267342442,minmaxnorm
178,Q0,AP890418-0218,823,5.854817236759249,minmaxnorm
178,Q0,AP891121-0124,824,5.8495781423631765,minmaxnorm
178,Q0,WSJ870914-0044,825,5.848185822632002,minmaxnorm
178,Q0,AP890325-0139,826,5.836311317656204,minmaxnorm
178,Q0,DOE2-22-0826,827,5.835279367066277,minmaxnorm
178,Q0,AP890216-0109,828,5.827436893800869,minmaxnorm
178,Q0,FR89719-0075,829,5.818126561506082,minmaxnorm
178,Q0,ZF108-441-592,830,5.810472211006822,minmaxnorm
178,Q0,AP880705-0031,831,5.79972625558325,minmaxnorm
178,Q0,AP880701-0165,832,5.798516554499686,minmaxnorm
178,Q0,WSJ881104-0046,833,5.78818813521902,minmaxnorm
178,Q0,WSJ880928-0108,834,5.7853790655229105,minmaxnorm
178,Q0,AP890619-0022,835,5.757946432279392,minmaxnorm
178,Q0,DOE2-68-0377,836,5.7527622481979295,minmaxnorm
178,Q0,DOE1-45-0802,837,5.748646746765525,minmaxnorm
178,Q0,AP890701-0012,838,5.748346327988199,minmaxnorm
178,Q0,AP880429-0101,839,5.736579573956675,minmaxnorm
178,Q0,AP890605-0117,840,5.733419670487385,minmaxnorm
178,Q0,WSJ920107-0028,841,5.72461356035299,minmaxnorm
178,Q0,AP880220-0046,842,5.72083276711619,minmaxnorm
178,Q0,DOE2-03-0766,843,5.709686051430241,minmaxnorm
178,Q0,AP880828-0010,844,5.699999973647153,minmaxnorm
178,Q0,AP881209-0185,845,5.698910653164811,minmaxnorm
178,Q0,FR89123-0023,846,5.6791890588640275,minmaxnorm
178,Q0,WSJ870220-0105,847,5.675297162146832,minmaxnorm
178,Q0,AP880515-0058,848,5.67295847357315,minmaxnorm
178,Q0,FR881121-0030,849,5.66184502106193,minmaxnorm
178,Q0,AP881017-0057,850,5.653841786122788,minmaxnorm
178,Q0,ZF109-541-437,851,5.646033867587265,minmaxnorm
178,Q0,ZF207-955-554,852,5.643600790203223,minmaxnorm
178,Q0,FR89119-0030,853,5.612590187953082,minmaxnorm
178,Q0,AP881011-0215,854,5.612211437828747,minmaxnorm
178,Q0,FR88811-0150,855,5.611533133689548,minmaxnorm
178,Q0,WSJ910730-0149,856,5.608138301631312,minmaxnorm
178,Q0,AP890703-0141,857,5.60697786797997,minmaxnorm
178,Q0,AP890916-0101,858,5.602832315837334,minmaxnorm
178,Q0,FR89817-0084,859,5.602169042364715,minmaxnorm
178,Q0,DOE1-86-1256,860,5.592556394158321,minmaxnorm
178,Q0,WSJ870514-0153,861,5.588083303852091,minmaxnorm
178,Q0,AP891009-0146,862,5.584022438934968,minmaxnorm
178,Q0,AP881222-0116,863,5.5791136750643195,minmaxnorm
178,Q0,DOE1-01-1015,864,5.570067380669646,minmaxnorm
178,Q0,AP880322-0112,865,5.544274369846853,minmaxnorm
178,Q0,DOE2-15-0342,866,5.541252125768002,minmaxnorm
178,Q0,AP880909-0005,867,5.533938063351504,minmaxnorm
178,Q0,AP890315-0001,868,5.53081023483937,minmaxnorm
178,Q0,DOE1-26-0926,869,5.510985486044062,minmaxnorm
178,Q0,DOE2-74-1080,870,5.499738343591139,minmaxnorm
178,Q0,DOE2-36-0796,871,5.4896593594272325,minmaxnorm
178,Q0,ZF207-585-814,872,5.4877702160403885,minmaxnorm
178,Q0,WSJ910506-0121,873,5.484770056290487,minmaxnorm
178,Q0,WSJ871112-0148,874,5.4784401834211325,minmaxnorm
178,Q0,WSJ880705-0155,875,5.476356329431137,minmaxnorm
178,Q0,AP880804-0100,876,5.475380846786737,minmaxnorm
178,Q0,AP881027-0142,877,5.470916342596773,minmaxnorm
178,Q0,AP891116-0207,878,5.468823300572586,minmaxnorm
178,Q0,AP890420-0093,879,5.454909385265623,minmaxnorm
178,Q0,AP880519-0078,880,5.449709157646135,minmaxnorm
178,Q0,AP890219-0062,881,5.44135949638338,minmaxnorm
178,Q0,WSJ870224-0011,882,5.440861973513264,minmaxnorm
178,Q0,AP881026-0067,883,5.430989336752766,minmaxnorm
178,Q0,FR89602-0082,884,5.421223830540493,minmaxnorm
178,Q0,AP890624-0011,885,5.39802351076471,minmaxnorm
178,Q0,AP881222-0213,886,5.395323270836426,minmaxnorm
178,Q0,WSJ900625-0063,887,5.393017881746125,minmaxnorm
178,Q0,DOE1-78-0433,888,5.392539808031937,minmaxnorm
178,Q0,AP880331-0120,889,5.381045596775438,minmaxnorm
178,Q0,FR89628-0113,890,5.3720743941098155,minmaxnorm
178,Q0,AP890906-0027,891,5.3638041654517785,minmaxnorm
178,Q0,AP890713-0085,892,5.355342116746908,minmaxnorm
178,Q0,AP890329-0072,893,5.349527602452111,minmaxnorm
178,Q0,WSJ880818-0016,894,5.348439342107968,minmaxnorm
178,Q0,AP890220-0007,895,5.346963171358255,minmaxnorm
178,Q0,WSJ920304-0037,896,5.346681240327973,minmaxnorm
178,Q0,FR88511-0168,897,5.330008817375869,minmaxnorm
178,Q0,AP891017-0080,898,5.329470661225176,minmaxnorm
178,Q0,AP881215-0125,899,5.314362910913105,minmaxnorm
178,Q0,AP880317-0101,900,5.309170106463519,minmaxnorm
178,Q0,AP881209-0007,901,5.308767154591191,minmaxnorm
178,Q0,AP890324-0003,902,5.304262371277573,minmaxnorm
178,Q0,AP890507-0023,903,5.303698617808387,minmaxnorm
178,Q0,AP881111-0006,904,5.303179968913831,minmaxnorm
178,Q0,DOE2-11-0313,905,5.300346236231813,minmaxnorm
178,Q0,DOE1-35-0081,906,5.298509637779533,minmaxnorm
178,Q0,AP880521-0139,907,5.292353468901075,minmaxnorm
178,Q0,WSJ880705-0032,908,5.2837902150930605,minmaxnorm
178,Q0,AP880801-0217,909,5.282555813354291,minmaxnorm
178,Q0,AP881126-0004,910,5.281663582699634,minmaxnorm
178,Q0,AP890314-0085,911,5.27949661100479,minmaxnorm
178,Q0,AP880622-0064,912,5.276397152842538,minmaxnorm
178,Q0,AP880929-0132,913,5.261456271356759,minmaxnorm
178,Q0,DOE1-35-0057,914,5.257770909994274,minmaxnorm
178,Q0,AP881027-0145,915,5.251347022982701,minmaxnorm
178,Q0,AP881021-0008,916,5.2506644373317455,minmaxnorm
178,Q0,AP881103-0127,917,5.248178335499155,minmaxnorm
178,Q0,AP891106-0005,918,5.236693549398729,minmaxnorm
178,Q0,AP881014-0246,919,5.236043058136036,minmaxnorm
178,Q0,WSJ910429-0075,920,5.234367762215388,minmaxnorm
178,Q0,AP880901-0183,921,5.223105770709362,minmaxnorm
178,Q0,AP880915-0119,922,5.2178990949303605,minmaxnorm
178,Q0,DOE2-23-0668,923,5.208067873482537,minmaxnorm
178,Q0,AP891125-0027,924,5.207632809237875,minmaxnorm
178,Q0,AP880908-0122,925,5.197285784346006,minmaxnorm
178,Q0,DOE2-36-0767,926,5.19587152863255,minmaxnorm
178,Q0,AP891031-0207,927,5.195090947580045,minmaxnorm
178,Q0,AP890315-0122,928,5.186605353582302,minmaxnorm
178,Q0,AP881102-0178,929,5.185754316041504,minmaxnorm
178,Q0,DOE2-04-0752,930,5.184676509505633,minmaxnorm
178,Q0,AP891022-0029,931,5.1822604237332905,minmaxnorm
178,Q0,DOE1-43-0251,932,5.180497181186848,minmaxnorm
178,Q0,AP890705-0039,933,5.172504835596775,minmaxnorm
178,Q0,AP880923-0007,934,5.172432297330796,minmaxnorm
178,Q0,AP880303-0075,935,5.168869169235361,minmaxnorm
178,Q0,AP881019-0042,936,5.168609115045667,minmaxnorm
178,Q0,WSJ870723-0149,937,5.1684841064943265,minmaxnorm
178,Q0,WSJ911018-0055,938,5.167430049018172,minmaxnorm
178,Q0,AP881221-0092,939,5.1648475400491005,minmaxnorm
178,Q0,AP881011-0200,940,5.159739914372887,minmaxnorm
178,Q0,AP890708-0113,941,5.152067688915232,minmaxnorm
178,Q0,AP890127-0004,942,5.1512979987869585,minmaxnorm
178,Q0,AP890628-0105,943,5.150769460344502,minmaxnorm
178,Q0,FR88114-0026,944,5.149918178242361,minmaxnorm
178,Q0,AP880509-0152,945,5.1483704586719625,minmaxnorm
178,Q0,AP890203-0003,946,5.146218303367914,minmaxnorm
178,Q0,AP881223-0137,947,5.1456730100168,minmaxnorm
178,Q0,AP880527-0264,948,5.144952292924307,minmaxnorm
178,Q0,AP880826-0011,949,5.1442728032727505,minmaxnorm
178,Q0,AP890313-0034,950,5.142543111289825,minmaxnorm
178,Q0,AP890113-0022,951,5.141910604697705,minmaxnorm
178,Q0,AP880615-0248,952,5.140278223467107,minmaxnorm
178,Q0,AP890209-0100,953,5.138150385729128,minmaxnorm
178,Q0,AP890123-0139,954,5.1381103599578,minmaxnorm
178,Q0,WSJ920224-0028,955,5.136179793053096,minmaxnorm
178,Q0,AP890911-0120,956,5.133266817607201,minmaxnorm
178,Q0,AP890224-0002,957,5.126178893734222,minmaxnorm
178,Q0,WSJ880314-0092,958,5.126044444669388,minmaxnorm
178,Q0,AP880407-0219,959,5.118133709745276,minmaxnorm
178,Q0,WSJ890810-0140,960,5.112850008724376,minmaxnorm
178,Q0,AP880628-0213,961,5.106367352526264,minmaxnorm
178,Q0,WSJ910705-0100,962,5.1030460391737185,minmaxnorm
178,Q0,DOE1-78-0684,963,5.0991127142641375,minmaxnorm
178,Q0,AP890106-0027,964,5.097861297536205,minmaxnorm
178,Q0,AP890720-0223,965,5.094385857108667,minmaxnorm
178,Q0,WSJ870428-0119,966,5.083406660374508,minmaxnorm
178,Q0,AP890509-0003,967,5.082375334084872,minmaxnorm
178,Q0,AP890120-0053,968,5.070564551779007,minmaxnorm
178,Q0,AP890313-0032,969,5.065812309299198,minmaxnorm
178,Q0,AP890129-0040,970,5.065394605505145,minmaxnorm
178,Q0,AP891011-0043,971,5.063633320209805,minmaxnorm
178,Q0,WSJ910125-0088,972,5.044131146587998,minmaxnorm
178,Q0,AP890123-0182,973,5.041701555763779,minmaxnorm
178,Q0,AP891005-0050,974,5.040898852462221,minmaxnorm
178,Q0,AP890524-0127,975,5.031775166419995,minmaxnorm
178,Q0,AP890629-0023,976,5.025313273595394,minmaxnorm
178,Q0,DOE2-18-0874,977,5.024526635229755,minmaxnorm
178,Q0,AP890508-0151,978,5.014839281249246,minmaxnorm
178,Q0,AP890311-0020,979,5.00483164104129,minmaxnorm
178,Q0,WSJ910124-0098,980,4.99630424061449,minmaxnorm
178,Q0,FR89419-0080,981,4.992761793027367,minmaxnorm
178,Q0,AP890115-0006,982,4.991471093104982,minmaxnorm
178,Q0,WSJ910124-0104,983,4.9891481393871295,minmaxnorm
178,Q0,AP891117-0158,984,4.986158965924324,minmaxnorm
178,Q0,AP890708-0005,985,4.979108777285274,minmaxnorm
178,Q0,FR89119-0111,986,4.975899220970671,minmaxnorm
178,Q0,WSJ880816-0076,987,4.9691248975615405,minmaxnorm
178,Q0,AP891121-0059,988,4.964878514985104,minmaxnorm
178,Q0,WSJ870615-0073,989,4.96171832368133,minmaxnorm
178,Q0,ZF109-569-031,990,4.947830588403854,minmaxnorm
178,Q0,FR89821-0084,991,4.943663197094434,minmaxnorm
178,Q0,FR88218-0127,992,4.940817801104885,minmaxnorm
178,Q0,DOE2-57-1113,993,4.934068838198205,minmaxnorm
178,Q0,AP891124-0107,994,4.933576153746963,minmaxnorm
178,Q0,WSJ910221-0070,995,4.9295842216535615,minmaxnorm
178,Q0,AP891009-0039,996,4.926495327049334,minmaxnorm
178,Q0,AP880908-0058,997,4.919568112554379,minmaxnorm
178,Q0,AP880730-0005,998,4.909022519425737,minmaxnorm
178,Q0,AP880829-0165,999,4.907394029180119,minmaxnorm
178,Q0,AP880818-0062,1000,4.906437784242077,minmaxnorm
182,Q0,FR89724-0022,1,94.1847189092871,minmaxnorm
182,Q0,AP890410-0052,2,90.4344418722226,minmaxnorm
182,Q0,WSJ870313-0134,3,83.5853306261637,minmaxnorm
182,Q0,AP881219-0023,4,81.95958183038276,minmaxnorm
182,Q0,WSJ910716-0071,5,81.57381226961817,minmaxnorm
182,Q0,AP880927-0161,6,81.13962732395113,minmaxnorm
182,Q0,AP880531-0118,7,79.7518428760675,minmaxnorm
182,Q0,WSJ920320-0163,8,75.26872091895383,minmaxnorm
182,Q0,FR88825-0030,9,74.93885322425203,minmaxnorm
182,Q0,FR89324-0128,10,74.32688497091958,minmaxnorm
182,Q0,WSJ910819-0005,11,74.24325644410791,minmaxnorm
182,Q0,FR88906-0033,12,73.96673072640226,minmaxnorm
182,Q0,WSJ910829-0027,13,73.93737010980294,minmaxnorm
182,Q0,AP891130-0041,14,73.50887194886016,minmaxnorm
182,Q0,FR891006-0027,15,71.37867836029803,minmaxnorm
182,Q0,FR89501-0013,16,68.55887281653717,minmaxnorm
182,Q0,AP891204-0017,17,67.87196346771087,minmaxnorm
182,Q0,FR88708-0007,18,67.24136667427251,minmaxnorm
182,Q0,AP881025-0139,19,66.76238443002603,minmaxnorm
182,Q0,WSJ910621-0195,20,66.64801049495347,minmaxnorm
182,Q0,AP880425-0174,21,66.17851744929749,minmaxnorm
182,Q0,FR89322-0007,22,65.40308192780671,minmaxnorm
182,Q0,FR89501-0040,23,65.30876466285864,minmaxnorm
182,Q0,FR88518-0026,24,64.7540915642743,minmaxnorm
182,Q0,WSJ920225-0050,25,63.69545981728386,minmaxnorm
182,Q0,WSJ920224-0114,26,63.553891420955985,minmaxnorm
182,Q0,FR88615-0014,27,63.402312582123784,minmaxnorm
182,Q0,FR88808-0035,28,63.041623928498595,minmaxnorm
182,Q0,WSJ870211-0143,29,60.38031248150141,minmaxnorm
182,Q0,AP880928-0123,30,60.046518445205095,minmaxnorm
182,Q0,FR89117-0017,31,59.605911138607965,minmaxnorm
182,Q0,AP880316-0204,32,59.04565146955028,minmaxnorm
182,Q0,FR89713-0026,33,58.1614858723524,minmaxnorm
182,Q0,FR89530-0022,34,57.01341382477782,minmaxnorm
182,Q0,FR881025-0034,35,55.74532399808787,minmaxnorm
182,Q0,AP881027-0048,36,55.05861797766303,minmaxnorm
182,Q0,FR89410-0042,37,54.30780994986911,minmaxnorm
182,Q0,FR89106-0033,38,54.27250110398233,minmaxnorm
182,Q0,AP890312-0027,39,54.15893907628497,minmaxnorm
182,Q0,DOE2-21-0365,40,54.133150675268716,minmaxnorm
182,Q0,WSJ920309-0003,41,54.10690768973139,minmaxnorm
182,Q0,FR89809-0015,42,53.024252503676735,minmaxnorm
182,Q0,FR89405-0029,43,52.62797678449881,minmaxnorm
182,Q0,FR89228-0026,44,52.50950374470118,minmaxnorm
182,Q0,FR88713-0013,45,52.10637341825977,minmaxnorm
182,Q0,AP880418-0301,46,51.7773175373619,minmaxnorm
182,Q0,FR88518-0037,47,51.14375235523682,minmaxnorm
182,Q0,FR89105-0007,48,51.045333107067655,minmaxnorm
182,Q0,FR89719-0017,49,50.08834562333603,minmaxnorm
182,Q0,FR88825-0029,50,49.76141575584174,minmaxnorm
182,Q0,FR89502-0014,51,49.46466325151312,minmaxnorm
182,Q0,FR89405-0019,52,49.411240390212384,minmaxnorm
182,Q0,FR88909-0010,53,49.35971151061679,minmaxnorm
182,Q0,AP890128-0086,54,49.27057953228894,minmaxnorm
182,Q0,AP890313-0018,55,49.08822248454602,minmaxnorm
182,Q0,FR88914-0026,56,48.93512871558782,minmaxnorm
182,Q0,FR88913-0020,57,48.719860250735586,minmaxnorm
182,Q0,FR89508-0016,58,48.68344703877418,minmaxnorm
182,Q0,FR89802-0030,59,48.45391076466371,minmaxnorm
182,Q0,FR891003-0047,60,48.092984272662854,minmaxnorm
182,Q0,AP891122-0265,61,47.929969409739236,minmaxnorm
182,Q0,FR88728-0017,62,47.90643215158835,minmaxnorm
182,Q0,FR88928-0020,63,47.79372314691848,minmaxnorm
182,Q0,WSJ870515-0042,64,47.59609168737028,minmaxnorm
182,Q0,FR88817-0025,65,47.256141583976934,minmaxnorm
182,Q0,AP890609-0203,66,47.2503185905083,minmaxnorm
182,Q0,AP891107-0168,67,46.81911766854193,minmaxnorm
182,Q0,FR89919-0017,68,46.642502195024456,minmaxnorm
182,Q0,AP880423-0166,69,45.901549154540454,minmaxnorm
182,Q0,DOE1-02-0716,70,45.854690703092686,minmaxnorm
182,Q0,FR891003-0059,71,45.611836708348825,minmaxnorm
182,Q0,FR89119-0028,72,45.386338160756864,minmaxnorm
182,Q0,FR89801-0025,73,45.319261218262035,minmaxnorm
182,Q0,FR88106-0015,74,45.222845421388456,minmaxnorm
182,Q0,FR89616-0017,75,45.19863032044048,minmaxnorm
182,Q0,FR88906-0019,76,44.41717500101778,minmaxnorm
182,Q0,FR88505-0012,77,43.98428273222492,minmaxnorm
182,Q0,DOE2-66-0310,78,43.60993785502522,minmaxnorm
182,Q0,FR89127-0008,79,43.6067959494623,minmaxnorm
182,Q0,FR881129-0029,80,43.404874785677066,minmaxnorm
182,Q0,DOE1-81-0463,81,43.16650160616703,minmaxnorm
182,Q0,FR891107-0030,82,42.53771839628102,minmaxnorm
182,Q0,FR88721-0015,83,41.88525466205368,minmaxnorm
182,Q0,AP890719-0231,84,41.82883294439166,minmaxnorm
182,Q0,FR88816-0021,85,41.64610559625004,minmaxnorm
182,Q0,FR89817-0020,86,41.16135177345886,minmaxnorm
182,Q0,FR88106-0017,87,40.98032132427666,minmaxnorm
182,Q0,FR88504-0025,88,40.844352805682526,minmaxnorm
182,Q0,FR88510-0016,89,40.75340671555489,minmaxnorm
182,Q0,FR881208-0010,90,40.385204713853334,minmaxnorm
182,Q0,FR891018-0030,91,39.66789124861895,minmaxnorm
182,Q0,AP891209-0070,92,39.50314951054714,minmaxnorm
182,Q0,FR881019-0028,93,39.375406452510745,minmaxnorm
182,Q0,FR89321-0047,94,38.22277712518221,minmaxnorm
182,Q0,FR881207-0014,95,37.91317309796622,minmaxnorm
182,Q0,FR89404-0040,96,37.75534669614845,minmaxnorm
182,Q0,FR88108-0074,97,37.499556728626914,minmaxnorm
182,Q0,FR89123-0021,98,37.24509812897361,minmaxnorm
182,Q0,FR881014-0164,99,37.021089324198805,minmaxnorm
182,Q0,DOE1-56-0184,100,36.73457893266253,minmaxnorm
182,Q0,FR88721-0030,101,36.53028826899023,minmaxnorm
182,Q0,FR89612-0026,102,36.50974777418103,minmaxnorm
182,Q0,FR89127-0048,103,36.494924661988186,minmaxnorm
182,Q0,FR89920-0018,104,36.2158435611615,minmaxnorm
182,Q0,FR89208-0021,105,36.110156877564975,minmaxnorm
182,Q0,FR89712-0280,106,35.856547616759265,minmaxnorm
182,Q0,FR88718-0020,107,35.81894455608401,minmaxnorm
182,Q0,DOE2-65-0259,108,35.46412777743795,minmaxnorm
182,Q0,FR88211-0281,109,35.433081096582846,minmaxnorm
182,Q0,FR88824-0018,110,35.22961882753849,minmaxnorm
182,Q0,FR89313-0054,111,35.12100273040339,minmaxnorm
182,Q0,FR891128-0039,112,34.88360031379193,minmaxnorm
182,Q0,FR89420-0155,113,34.86535458495268,minmaxnorm
182,Q0,FR891114-0039,114,34.8375415701185,minmaxnorm
182,Q0,FR881121-0047,115,34.707467527141446,minmaxnorm
182,Q0,WSJ870807-0160,116,34.700481063210276,minmaxnorm
182,Q0,FR881020-0052,117,34.30411881937136,minmaxnorm
182,Q0,DOE1-77-0377,118,34.25857835787089,minmaxnorm
182,Q0,AP890915-0140,119,34.04762733592349,minmaxnorm
182,Q0,AP880518-0300,120,33.906287540293654,minmaxnorm
182,Q0,FR881024-0087,121,33.89053138500643,minmaxnorm
182,Q0,FR88727-0021,122,33.785052881498245,minmaxnorm
182,Q0,DOE2-40-1146,123,33.766138552847295,minmaxnorm
182,Q0,FR89214-0028,124,33.5949813127449,minmaxnorm
182,Q0,FR89410-0049,125,33.5568372379767,minmaxnorm
182,Q0,FR88727-0022,126,33.289645753079036,minmaxnorm
182,Q0,FR881109-0010,127,33.282038162258125,minmaxnorm
182,Q0,WSJ870128-0015,128,32.99730279156199,minmaxnorm
182,Q0,FR88830-0021,129,32.92125687748607,minmaxnorm
182,Q0,FR88829-0021,130,32.83135655076759,minmaxnorm
182,Q0,FR89301-0037,131,32.708091604889404,minmaxnorm
182,Q0,DOE1-26-0350,132,32.58997331309247,minmaxnorm
182,Q0,FR88826-0017,133,32.5247155719075,minmaxnorm
182,Q0,FR88205-0021,134,32.49620733001837,minmaxnorm
182,Q0,DOE1-73-0680,135,32.47871026070312,minmaxnorm
182,Q0,FR88506-0038,136,32.40715703363355,minmaxnorm
182,Q0,DOE1-42-0540,137,32.25432256374766,minmaxnorm
182,Q0,FR891106-0027,138,32.25382784659078,minmaxnorm
182,Q0,FR88511-0023,139,32.14686184186901,minmaxnorm
182,Q0,FR89119-0018,140,32.091606320813064,minmaxnorm
182,Q0,FR891010-0046,141,32.02719248262008,minmaxnorm
182,Q0,FR88114-0013,142,31.935014076822235,minmaxnorm
182,Q0,DOE2-43-0361,143,31.905162960634918,minmaxnorm
182,Q0,FR89217-0026,144,31.86433328222517,minmaxnorm
182,Q0,FR891102-0023,145,31.811675835072,minmaxnorm
182,Q0,FR891012-0036,146,31.59881415696702,minmaxnorm
182,Q0,FR88111-0021,147,31.473868607760952,minmaxnorm
182,Q0,FR89103-0015,148,31.44068540685035,minmaxnorm
182,Q0,AP890602-0121,149,31.331562464943303,minmaxnorm
182,Q0,FR88516-0016,150,31.324239094478962,minmaxnorm
182,Q0,FR88909-0011,151,31.230555373202726,minmaxnorm
182,Q0,FR88811-0148,152,31.172498534875402,minmaxnorm
182,Q0,DOE2-78-0597,153,30.840146078115897,minmaxnorm
182,Q0,FR89922-0016,154,30.666042199751168,minmaxnorm
182,Q0,FR88907-0032,155,30.332596109456514,minmaxnorm
182,Q0,FR88108-0025,156,30.217054500118593,minmaxnorm
182,Q0,FR88914-0012,157,29.992741209474342,minmaxnorm
182,Q0,FR891013-0018,158,29.89251021670087,minmaxnorm
182,Q0,FR89223-0033,159,29.877644256352923,minmaxnorm
182,Q0,FR891102-0040,160,29.821350693218882,minmaxnorm
182,Q0,FR89421-0018,161,29.701523677983996,minmaxnorm
182,Q0,FR89614-0016,162,29.568338892364476,minmaxnorm
182,Q0,FR89531-0021,163,29.558823639018218,minmaxnorm
182,Q0,FR88722-0077,164,29.496196623897532,minmaxnorm
182,Q0,AP880723-0079,165,29.474809250818108,minmaxnorm
182,Q0,FR89523-0016,166,29.36238514913088,minmaxnorm
182,Q0,FR89223-0018,167,29.19340625997364,minmaxnorm
182,Q0,FR891018-0022,168,28.962700440978917,minmaxnorm
182,Q0,FR89106-0032,169,28.873912762672436,minmaxnorm
182,Q0,FR89817-0043,170,28.799725649313658,minmaxnorm
182,Q0,FR88901-0018,171,28.77051896606998,minmaxnorm
182,Q0,FR89417-0051,172,28.733933109689154,minmaxnorm
182,Q0,FR88114-0014,173,28.659944316311684,minmaxnorm
182,Q0,FR89721-0013,174,28.589572560172815,minmaxnorm
182,Q0,FR89929-0037,175,28.466220721872368,minmaxnorm
182,Q0,DOE1-81-0450,176,28.32009978796702,minmaxnorm
182,Q0,FR89307-0041,177,28.032902575224025,minmaxnorm
182,Q0,FR891013-0031,178,28.001712605432054,minmaxnorm
182,Q0,FR89519-0021,179,27.968237143312606,minmaxnorm
182,Q0,FR881123-0038,180,27.91964951756279,minmaxnorm
182,Q0,FR88816-0014,181,27.900424095088027,minmaxnorm
182,Q0,FR891013-0016,182,27.693813436349053,minmaxnorm
182,Q0,FR891010-0017,183,27.66224688398865,minmaxnorm
182,Q0,FR89331-0024,184,27.6472576341312,minmaxnorm
182,Q0,FR89714-0081,185,27.632279490210852,minmaxnorm
182,Q0,FR89419-0046,186,27.42710488435945,minmaxnorm
182,Q0,FR88901-0016,187,27.37971015900289,minmaxnorm
182,Q0,FR89727-0021,188,27.321145473129725,minmaxnorm
182,Q0,AP890307-0226,189,27.018556416360063,minmaxnorm
182,Q0,FR88707-0012,190,26.99471411799259,minmaxnorm
182,Q0,FR89619-0029,191,26.877760396416956,minmaxnorm
182,Q0,FR89718-0023,192,26.80615680400365,minmaxnorm
182,Q0,AP880528-0058,193,26.67735390721096,minmaxnorm
182,Q0,FR88928-0044,194,26.6512303131294,minmaxnorm
182,Q0,FR891019-0025,195,26.598604955280152,minmaxnorm
182,Q0,AP880809-0115,196,26.59093043621529,minmaxnorm
182,Q0,FR88913-0019,197,26.53184570184022,minmaxnorm
182,Q0,FR89519-0030,198,26.496860870054444,minmaxnorm
182,Q0,FR88822-0024,199,26.43053517355483,minmaxnorm
182,Q0,AP880401-0282,200,26.38355126388131,minmaxnorm
182,Q0,FR89929-0035,201,26.325160581675238,minmaxnorm
182,Q0,FR881108-0019,202,26.283528060815875,minmaxnorm
182,Q0,FR89307-0019,203,26.060147896815995,minmaxnorm
182,Q0,WSJ880818-0169,204,26.014723926773726,minmaxnorm
182,Q0,FR89509-0018,205,25.964757968403898,minmaxnorm
182,Q0,FR89802-0029,206,25.909260270323646,minmaxnorm
182,Q0,FR88715-0017,207,25.870360766036416,minmaxnorm
182,Q0,FR88610-0030,208,25.795461994410886,minmaxnorm
182,Q0,FR89929-0076,209,25.79394338510541,minmaxnorm
182,Q0,FR88512-0011,210,25.791168446843766,minmaxnorm
182,Q0,WSJ900920-0095,211,25.751453686071812,minmaxnorm
182,Q0,DOE1-60-0007,212,25.746806279932883,minmaxnorm
182,Q0,DOE1-92-0167,213,25.62954084689305,minmaxnorm
182,Q0,AP890204-0124,214,25.59262928381167,minmaxnorm
182,Q0,FR89414-0021,215,25.567015729422188,minmaxnorm
182,Q0,AP880726-0008,216,25.558905968196093,minmaxnorm
182,Q0,AP891208-0223,217,25.505147490778516,minmaxnorm
182,Q0,FR89323-0033,218,25.23093676965483,minmaxnorm
182,Q0,AP890605-0153,219,25.200484995643865,minmaxnorm
182,Q0,FR88614-0038,220,25.19731669824402,minmaxnorm
182,Q0,FR88614-0022,221,25.116436372791366,minmaxnorm
182,Q0,WSJ890801-0114,222,25.03732848099709,minmaxnorm
182,Q0,AP880715-0238,223,24.88462177909201,minmaxnorm
182,Q0,AP881121-0225,224,24.877441039109524,minmaxnorm
182,Q0,FR88818-0030,225,24.78589861432195,minmaxnorm
182,Q0,FR88225-0032,226,24.35690041727958,minmaxnorm
182,Q0,WSJ870612-0138,227,24.328475921731588,minmaxnorm
182,Q0,FR88922-0013,228,24.281643349959197,minmaxnorm
182,Q0,FR89816-0037,229,24.173406746366307,minmaxnorm
182,Q0,WSJ910213-0077,230,24.068950983957592,minmaxnorm
182,Q0,FR881014-0006,231,24.053450421764733,minmaxnorm
182,Q0,WSJ880603-0071,232,24.050942024674207,minmaxnorm
182,Q0,FR89217-0032,233,24.034143641227445,minmaxnorm
182,Q0,FR891002-0033,234,24.015773790344166,minmaxnorm
182,Q0,WSJ870421-0037,235,24.014525751371593,minmaxnorm
182,Q0,WSJ870714-0012,236,23.97852338099107,minmaxnorm
182,Q0,FR891011-0007,237,23.85375237399864,minmaxnorm
182,Q0,FR89509-0017,238,23.79313108373205,minmaxnorm
182,Q0,AP880715-0173,239,23.77937779545375,minmaxnorm
182,Q0,FR88803-0011,240,23.707091338809388,minmaxnorm
182,Q0,FR881206-0028,241,23.62403409602436,minmaxnorm
182,Q0,FR88509-0019,242,23.605127481723436,minmaxnorm
182,Q0,DOE2-73-0470,243,23.525160297673064,minmaxnorm
182,Q0,FR89804-0015,244,23.519144020141525,minmaxnorm
182,Q0,FR88722-0019,245,23.348623918989787,minmaxnorm
182,Q0,AP890516-0139,246,23.344530904480166,minmaxnorm
182,Q0,FR89512-0049,247,23.339034788808988,minmaxnorm
182,Q0,DOE1-40-0216,248,23.333416538353596,minmaxnorm
182,Q0,FR88805-0028,249,23.31308326347143,minmaxnorm
182,Q0,DOE2-23-0338,250,23.27569263714659,minmaxnorm
182,Q0,FR88506-0037,251,23.234026731671012,minmaxnorm
182,Q0,AP880403-0091,252,23.232284203173933,minmaxnorm
182,Q0,AP880511-0024,253,23.092945403813353,minmaxnorm
182,Q0,FR88818-0032,254,23.050115151044764,minmaxnorm
182,Q0,FR88928-0026,255,23.035473422650448,minmaxnorm
182,Q0,FR881031-0014,256,23.00399361471229,minmaxnorm
182,Q0,FR891016-0025,257,22.99804745695996,minmaxnorm
182,Q0,FR89804-0019,258,22.638491687870477,minmaxnorm
182,Q0,FR89308-0059,259,22.600411876817404,minmaxnorm
182,Q0,AP880518-0301,260,22.521554902449324,minmaxnorm
182,Q0,WSJ861204-0051,261,22.487018448460194,minmaxnorm
182,Q0,FR89810-0019,262,22.423853119304948,minmaxnorm
182,Q0,FR89720-0014,263,22.42047224931603,minmaxnorm
182,Q0,FR881020-0067,264,22.410546388427218,minmaxnorm
182,Q0,FR891005-0021,265,22.394528063041708,minmaxnorm
182,Q0,FR89706-0010,266,22.36630557598815,minmaxnorm
182,Q0,FR881109-0021,267,22.32480445510334,minmaxnorm
182,Q0,ZF108-279-312,268,22.169484755966735,minmaxnorm
182,Q0,DOE1-40-0217,269,22.15286579692618,minmaxnorm
182,Q0,FR881014-0027,270,22.092592161817745,minmaxnorm
182,Q0,WSJ870305-0102,271,22.009476328860575,minmaxnorm
182,Q0,FR88907-0056,272,21.97346005826072,minmaxnorm
182,Q0,FR891127-0028,273,21.9258450805507,minmaxnorm
182,Q0,FR89928-0017,274,21.914989568890512,minmaxnorm
182,Q0,FR89818-0022,275,21.84507285251149,minmaxnorm
182,Q0,AP880927-0026,276,21.844633091740814,minmaxnorm
182,Q0,FR891018-0020,277,21.835667249011877,minmaxnorm
182,Q0,WSJ870709-0055,278,21.823100361611004,minmaxnorm
182,Q0,FR88826-0019,279,21.81399264214309,minmaxnorm
182,Q0,AP890901-0067,280,21.786646140291992,minmaxnorm
182,Q0,DOE1-81-0725,281,21.783663908794665,minmaxnorm
182,Q0,FR88727-0020,282,21.74574448353618,minmaxnorm
182,Q0,AP880910-0162,283,21.672520426234485,minmaxnorm
182,Q0,FR89623-0037,284,21.668406289070735,minmaxnorm
182,Q0,FR881107-0060,285,21.630532185557517,minmaxnorm
182,Q0,DOE2-01-1319,286,21.623968090607907,minmaxnorm
182,Q0,FR89512-0050,287,21.572218089719343,minmaxnorm
182,Q0,AP880329-0171,288,21.544505423322825,minmaxnorm
182,Q0,FR89524-0006,289,21.535575472793475,minmaxnorm
182,Q0,DOE2-14-0702,290,21.47146335621835,minmaxnorm
182,Q0,FR88725-0030,291,21.44836272800975,minmaxnorm
182,Q0,FR89615-0021,292,21.37265332200835,minmaxnorm
182,Q0,FR89224-0035,293,21.293504906368835,minmaxnorm
182,Q0,FR89816-0036,294,21.241997321135806,minmaxnorm
182,Q0,AP880726-0103,295,21.238084942279425,minmaxnorm
182,Q0,FR88615-0013,296,21.072033101762823,minmaxnorm
182,Q0,DOE1-81-0454,297,20.984852530993788,minmaxnorm
182,Q0,FR89818-0021,298,20.936617226931958,minmaxnorm
182,Q0,AP890619-0079,299,20.911060832495615,minmaxnorm
182,Q0,FR891017-0031,300,20.841289477204935,minmaxnorm
182,Q0,FR881117-0041,301,20.838976562490448,minmaxnorm
182,Q0,AP890502-0129,302,20.827475146518253,minmaxnorm
182,Q0,FR89616-0009,303,20.775885369780884,minmaxnorm
182,Q0,FR881209-0040,304,20.77163616361965,minmaxnorm
182,Q0,AP890916-0015,305,20.69589279906629,minmaxnorm
182,Q0,AP890708-0104,306,20.681814888263972,minmaxnorm
182,Q0,FR89727-0013,307,20.663584067155053,minmaxnorm
182,Q0,FR891011-0006,308,20.66160056736713,minmaxnorm
182,Q0,FR89727-0022,309,20.625397918686524,minmaxnorm
182,Q0,FR89802-0047,310,20.595423145779492,minmaxnorm
182,Q0,AP890629-0107,311,20.58403932651891,minmaxnorm
182,Q0,FR891129-0016,312,20.546528049082013,minmaxnorm
182,Q0,FR89602-0014,313,20.540427000311567,minmaxnorm
182,Q0,FR88818-0031,314,20.475071169997996,minmaxnorm
182,Q0,AP890715-0002,315,20.4742461302201,minmaxnorm
182,Q0,WSJ920317-0155,316,20.42948452210001,minmaxnorm
182,Q0,FR88121-0023,317,20.370870418287932,minmaxnorm
182,Q0,FR881028-0026,318,20.141973649035155,minmaxnorm
182,Q0,FR881027-0027,319,20.05988482776848,minmaxnorm
182,Q0,DOE1-42-0243,320,20.058499704183554,minmaxnorm
182,Q0,WSJ910701-0145,321,19.984929953269223,minmaxnorm
182,Q0,WSJ880429-0049,322,19.97396275812974,minmaxnorm
182,Q0,FR891002-0031,323,19.888502747665168,minmaxnorm
182,Q0,DOE2-15-0015,324,19.814116693700612,minmaxnorm
182,Q0,DOE2-19-1116,325,19.770142549292025,minmaxnorm
182,Q0,FR89119-0027,326,19.65309376126647,minmaxnorm
182,Q0,WSJ890821-0143,327,19.6502460870955,minmaxnorm
182,Q0,AP880705-0243,328,19.626384411285752,minmaxnorm
182,Q0,DOE2-05-0163,329,19.59322322304792,minmaxnorm
182,Q0,DOE1-42-0244,330,19.588602901933445,minmaxnorm
182,Q0,FR88927-0030,331,19.58238110996413,minmaxnorm
182,Q0,WSJ880502-0095,332,19.502269275613305,minmaxnorm
182,Q0,FR89201-0069,333,19.50153414798474,minmaxnorm
182,Q0,FR88906-0018,334,19.432286479683295,minmaxnorm
182,Q0,AP881121-0224,335,19.43142672040941,minmaxnorm
182,Q0,FR881121-0023,336,19.39486688631139,minmaxnorm
182,Q0,ZF207-325-318,337,19.394494595893384,minmaxnorm
182,Q0,DOE2-68-1067,338,19.377517848347203,minmaxnorm
182,Q0,FR88219-0014,339,19.344910306020687,minmaxnorm
182,Q0,AP890214-0113,340,19.321678422648084,minmaxnorm
182,Q0,FR88928-0029,341,19.261980249319496,minmaxnorm
182,Q0,DOE2-23-0325,342,19.15186655955908,minmaxnorm
182,Q0,AP880915-0043,343,19.133806855866247,minmaxnorm
182,Q0,FR89503-0011,344,19.132285025055506,minmaxnorm
182,Q0,FR891002-0037,345,19.073214890117455,minmaxnorm
182,Q0,FR89228-0025,346,19.070163752443804,minmaxnorm
182,Q0,DOE1-52-0217,347,19.06071653757314,minmaxnorm
182,Q0,AP881014-0163,348,18.960378455991968,minmaxnorm
182,Q0,FR891016-0033,349,18.958589798487484,minmaxnorm
182,Q0,DOE1-92-0302,350,18.95464800072736,minmaxnorm
182,Q0,FR88511-0163,351,18.926388202264548,minmaxnorm
182,Q0,FR881014-0026,352,18.906387738033125,minmaxnorm
182,Q0,DOE1-81-0452,353,18.905121526314876,minmaxnorm
182,Q0,FR891018-0019,354,18.891840006709764,minmaxnorm
182,Q0,FR88901-0017,355,18.865913271387917,minmaxnorm
182,Q0,FR88603-0014,356,18.863930663688553,minmaxnorm
182,Q0,FR89714-0016,357,18.861070048746374,minmaxnorm
182,Q0,FR881110-0025,358,18.858035582103607,minmaxnorm
182,Q0,FR89512-0048,359,18.840152151470825,minmaxnorm
182,Q0,DOE1-96-0866,360,18.769861241345325,minmaxnorm
182,Q0,FR88601-0023,361,18.65022235067226,minmaxnorm
182,Q0,FR89928-0019,362,18.628556015103676,minmaxnorm
182,Q0,FR89713-0029,363,18.613475017614036,minmaxnorm
182,Q0,FR891011-0021,364,18.554835798534,minmaxnorm
182,Q0,WSJ881004-0100,365,18.516501570813116,minmaxnorm
182,Q0,FR88713-0014,366,18.50643949143611,minmaxnorm
182,Q0,FR88715-0065,367,18.438558462447926,minmaxnorm
182,Q0,FR88916-0017,368,18.420020162740254,minmaxnorm
182,Q0,FR88711-0040,369,18.417756188086543,minmaxnorm
182,Q0,FR891002-0032,370,18.333684464020354,minmaxnorm
182,Q0,FR881031-0030,371,18.319740398824035,minmaxnorm
182,Q0,WSJ871022-0078,372,18.29058897171519,minmaxnorm
182,Q0,DOE2-01-1108,373,18.278558788047203,minmaxnorm
182,Q0,FR89929-0050,374,18.227490383355843,minmaxnorm
182,Q0,ZF109-713-299,375,18.21506190676776,minmaxnorm
182,Q0,FR891027-0047,376,18.192132531017545,minmaxnorm
182,Q0,WSJ900913-0025,377,18.19113015400206,minmaxnorm
182,Q0,FR89620-0013,378,18.146453767453195,minmaxnorm
182,Q0,FR881014-0029,379,18.13683335181528,minmaxnorm
182,Q0,DOE2-59-0482,380,18.076861657210852,minmaxnorm
182,Q0,FR89131-0024,381,18.06650528162374,minmaxnorm
182,Q0,FR88722-0039,382,18.03011779394646,minmaxnorm
182,Q0,FR89612-0011,383,18.014431377535107,minmaxnorm
182,Q0,FR891003-0045,384,18.001351628631436,minmaxnorm
182,Q0,AP880413-0257,385,17.96668675066329,minmaxnorm
182,Q0,AP890411-0023,386,17.9644435376573,minmaxnorm
182,Q0,WSJ910815-0059,387,17.955749738826963,minmaxnorm
182,Q0,FR88908-0011,388,17.94591956373329,minmaxnorm
182,Q0,AP890607-0171,389,17.93623014599427,minmaxnorm
182,Q0,DOE1-19-1052,390,17.919420660068333,minmaxnorm
182,Q0,FR88812-0029,391,17.8178033644507,minmaxnorm
182,Q0,FR88819-0029,392,17.811005987863243,minmaxnorm
182,Q0,FR89713-0028,393,17.778268017225372,minmaxnorm
182,Q0,DOE2-54-1151,394,17.773879778793845,minmaxnorm
182,Q0,AP881128-0166,395,17.74549608852815,minmaxnorm
182,Q0,FR89510-0035,396,17.73718269379344,minmaxnorm
182,Q0,FR89623-0015,397,17.72689304773381,minmaxnorm
182,Q0,FR88607-0045,398,17.716425269959736,minmaxnorm
182,Q0,WSJ870721-0089,399,17.688921062193806,minmaxnorm
182,Q0,DOE2-23-0340,400,17.576531415224096,minmaxnorm
182,Q0,FR89712-0113,401,17.501763831658266,minmaxnorm
182,Q0,FR88909-0009,402,17.481077862091993,minmaxnorm
182,Q0,AP880222-0197,403,17.466912649506785,minmaxnorm
182,Q0,WSJ911219-0002,404,17.449319691312247,minmaxnorm
182,Q0,AP880415-0121,405,17.44112278266385,minmaxnorm
182,Q0,FR891128-0040,406,17.387472629291473,minmaxnorm
182,Q0,WSJ880607-0171,407,17.348933300882944,minmaxnorm
182,Q0,DOE2-68-1065,408,17.251759417575986,minmaxnorm
182,Q0,AP890313-0195,409,17.212632434994568,minmaxnorm
182,Q0,AP880624-0039,410,17.210059735812848,minmaxnorm
182,Q0,FR89703-0078,411,17.15322056006442,minmaxnorm
182,Q0,FR88616-0064,412,17.15247450256143,minmaxnorm
182,Q0,FR89111-0025,413,17.10679870465851,minmaxnorm
182,Q0,FR891003-0046,414,17.053972451943554,minmaxnorm
182,Q0,DOE2-73-0493,415,17.002098322810212,minmaxnorm
182,Q0,FR89110-0026,416,16.972688621545256,minmaxnorm
182,Q0,FR891010-0039,417,16.96336510009856,minmaxnorm
182,Q0,AP890111-0068,418,16.937784635945086,minmaxnorm
182,Q0,FR89713-0030,419,16.93636287015042,minmaxnorm
182,Q0,FR891018-0021,420,16.9160821907621,minmaxnorm
182,Q0,FR89721-0034,421,16.899728601567226,minmaxnorm
182,Q0,FR88804-0007,422,16.870099926021354,minmaxnorm
182,Q0,FR891002-0034,423,16.82809615302687,minmaxnorm
182,Q0,FR88805-0027,424,16.783911731602615,minmaxnorm
182,Q0,FR88615-0021,425,16.75981475412567,minmaxnorm
182,Q0,FR89213-0017,426,16.756636292756905,minmaxnorm
182,Q0,FR881101-0010,427,16.749635337319567,minmaxnorm
182,Q0,FR89512-0033,428,16.73013051963937,minmaxnorm
182,Q0,FR88205-0029,429,16.6933748399393,minmaxnorm
182,Q0,FR891113-0014,430,16.60756613842788,minmaxnorm
182,Q0,FR88106-0016,431,16.595272480343255,minmaxnorm
182,Q0,FR881020-0063,432,16.59092685438256,minmaxnorm
182,Q0,FR89815-0029,433,16.55673058370465,minmaxnorm
182,Q0,DOE2-45-0738,434,16.538056305951994,minmaxnorm
182,Q0,DOE2-40-1202,435,16.446618635427352,minmaxnorm
182,Q0,FR88929-0045,436,16.428197814074107,minmaxnorm
182,Q0,FR891124-0045,437,16.395088091391774,minmaxnorm
182,Q0,AP890316-0229,438,16.37259584659643,minmaxnorm
182,Q0,FR89330-0041,439,16.338961569787443,minmaxnorm
182,Q0,AP891218-0026,440,16.248548598881932,minmaxnorm
182,Q0,FR881118-0053,441,16.20797318851306,minmaxnorm
182,Q0,WSJ920116-0088,442,16.184373458108265,minmaxnorm
182,Q0,DOE2-29-1050,443,16.175646262231343,minmaxnorm
182,Q0,AP890109-0316,444,16.16874121296248,minmaxnorm
182,Q0,FR89222-0006,445,16.168482573908868,minmaxnorm
182,Q0,FR88826-0020,446,16.117650624601033,minmaxnorm
182,Q0,DOE2-25-0100,447,16.012377519522406,minmaxnorm
182,Q0,FR88920-0017,448,16.006122095904,minmaxnorm
182,Q0,FR88826-0016,449,15.955423954083434,minmaxnorm
182,Q0,FR891107-0035,450,15.947806864243582,minmaxnorm
182,Q0,WSJ870113-0139,451,15.934095838637312,minmaxnorm
182,Q0,FR89127-0018,452,15.84664510875624,minmaxnorm
182,Q0,FR89922-0025,453,15.831711354620547,minmaxnorm
182,Q0,FR89410-0037,454,15.80786235076007,minmaxnorm
182,Q0,AP880519-0048,455,15.802554483097486,minmaxnorm
182,Q0,WSJ911003-0176,456,15.780534446888305,minmaxnorm
182,Q0,FR891002-0015,457,15.771362843136961,minmaxnorm
182,Q0,DOE2-78-0608,458,15.752418266073173,minmaxnorm
182,Q0,FR89424-0013,459,15.751931297683733,minmaxnorm
182,Q0,DOE2-05-0823,460,15.747336726703042,minmaxnorm
182,Q0,FR891010-0038,461,15.7301031456814,minmaxnorm
182,Q0,DOE1-74-0926,462,15.649563487046581,minmaxnorm
182,Q0,WSJ900917-0149,463,15.623929120887539,minmaxnorm
182,Q0,FR89720-0013,464,15.565716501167701,minmaxnorm
182,Q0,DOE2-49-0430,465,15.522592055640455,minmaxnorm
182,Q0,AP880407-0283,466,15.516597593691687,minmaxnorm
182,Q0,FR891027-0018,467,15.474661639230447,minmaxnorm
182,Q0,FR89105-0019,468,15.423913306206394,minmaxnorm
182,Q0,FR89918-0008,469,15.402032187980558,minmaxnorm
182,Q0,FR89201-0020,470,15.387439348724163,minmaxnorm
182,Q0,AP881017-0248,471,15.336100408705676,minmaxnorm
182,Q0,FR89724-0020,472,15.304202795758364,minmaxnorm
182,Q0,AP881014-0338,473,15.28620678004634,minmaxnorm
182,Q0,WSJ871222-0078,474,15.275838467950054,minmaxnorm
182,Q0,AP880822-0221,475,15.27373375082915,minmaxnorm
182,Q0,FR89721-0033,476,15.26775998674355,minmaxnorm
182,Q0,FR891006-0045,477,15.212622414493847,minmaxnorm
182,Q0,FR88608-0011,478,15.186018525455177,minmaxnorm
182,Q0,FR891011-0008,479,15.178149060048915,minmaxnorm
182,Q0,FR891103-0040,480,15.173674977953741,minmaxnorm
182,Q0,AP890512-0138,481,15.172380607358447,minmaxnorm
182,Q0,FR89131-0023,482,15.150211937712719,minmaxnorm
182,Q0,FR89717-0015,483,15.115262668762478,minmaxnorm
182,Q0,FR88809-0019,484,15.085754845991293,minmaxnorm
182,Q0,DOE2-29-0198,485,15.07043642163064,minmaxnorm
182,Q0,FR89811-0133,486,15.061683469884743,minmaxnorm
182,Q0,WSJ870928-0125,487,14.977924099213189,minmaxnorm
182,Q0,FR89615-0085,488,14.972054068799205,minmaxnorm
182,Q0,AP880316-0272,489,14.954661481881566,minmaxnorm
182,Q0,WSJ911107-0091,490,14.92089535754227,minmaxnorm
182,Q0,FR88602-0040,491,14.913719205359937,minmaxnorm
182,Q0,FR89301-0015,492,14.885343010668063,minmaxnorm
182,Q0,WSJ910710-0141,493,14.856714438822442,minmaxnorm
182,Q0,AP880603-0078,494,14.81567314821026,minmaxnorm
182,Q0,FR89117-0016,495,14.813400927973591,minmaxnorm
182,Q0,FR89609-0019,496,14.72953206291029,minmaxnorm
182,Q0,AP880429-0243,497,14.719794434039043,minmaxnorm
182,Q0,FR89616-0022,498,14.714100209545165,minmaxnorm
182,Q0,FR89210-0012,499,14.66898986089753,minmaxnorm
182,Q0,FR89619-0010,500,14.555026162712558,minmaxnorm
182,Q0,WSJ880429-0179,501,14.531991234219586,minmaxnorm
182,Q0,FR89706-0009,502,14.486119737609195,minmaxnorm
182,Q0,FR89717-0014,503,14.479863604435113,minmaxnorm
182,Q0,DOE2-28-0570,504,14.470981669466294,minmaxnorm
182,Q0,DOE1-29-0500,505,14.387731342878878,minmaxnorm
182,Q0,FR89928-0016,506,14.366015709459294,minmaxnorm
182,Q0,FR88927-0031,507,14.348870056363053,minmaxnorm
182,Q0,FR89816-0020,508,14.338314249476493,minmaxnorm
182,Q0,FR88120-0007,509,14.333623908914845,minmaxnorm
182,Q0,FR891127-0011,510,14.330079222152497,minmaxnorm
182,Q0,FR89221-0020,511,14.29979500093782,minmaxnorm
182,Q0,ZF207-700-082,512,14.276092194475224,minmaxnorm
182,Q0,FR89414-0011,513,14.258915674826483,minmaxnorm
182,Q0,FR89428-0017,514,14.216073177194518,minmaxnorm
182,Q0,DOE1-12-0909,515,14.210204529737236,minmaxnorm
182,Q0,FR891002-0035,516,14.17880157293854,minmaxnorm
182,Q0,AP881003-0303,517,14.161595958555543,minmaxnorm
182,Q0,DOE1-05-0255,518,14.141525849842694,minmaxnorm
182,Q0,AP890621-0223,519,14.099371763478121,minmaxnorm
182,Q0,FR89713-0048,520,14.09170827328502,minmaxnorm
182,Q0,AP880523-0219,521,14.047522772882433,minmaxnorm
182,Q0,FR89310-0013,522,14.029411487014357,minmaxnorm
182,Q0,AP890929-0135,523,13.975928672205393,minmaxnorm
182,Q0,FR89810-0020,524,13.961366679783067,minmaxnorm
182,Q0,WSJ881103-0086,525,13.95190631399729,minmaxnorm
182,Q0,AP880418-0186,526,13.938317951998028,minmaxnorm
182,Q0,FR88912-0011,527,13.920813233948362,minmaxnorm
182,Q0,DOE2-08-0054,528,13.914269676733175,minmaxnorm
182,Q0,WSJ910726-0111,529,13.902844617319493,minmaxnorm
182,Q0,FR88708-0006,530,13.87885272292092,minmaxnorm
182,Q0,FR88106-0039,531,13.850286718812542,minmaxnorm
182,Q0,WSJ870610-0097,532,13.821471799515265,minmaxnorm
182,Q0,FR89719-0016,533,13.793468856491899,minmaxnorm
182,Q0,DOE1-86-0135,534,13.79321042365954,minmaxnorm
182,Q0,FR88907-0042,535,13.788062975459423,minmaxnorm
182,Q0,AP880414-0126,536,13.777226336659576,minmaxnorm
182,Q0,DOE2-06-1007,537,13.760189018492243,minmaxnorm
182,Q0,WSJ910805-0104,538,13.709111716004573,minmaxnorm
182,Q0,FR88815-0001,539,13.689817052892293,minmaxnorm
182,Q0,FR88225-0031,540,13.66971059514296,minmaxnorm
182,Q0,FR88826-0034,541,13.6653217193753,minmaxnorm
182,Q0,FR89201-0021,542,13.635909372599661,minmaxnorm
182,Q0,AP880606-0007,543,13.633804211007442,minmaxnorm
182,Q0,FR891121-0062,544,13.632217108692124,minmaxnorm
182,Q0,FR89717-0027,545,13.578589774437221,minmaxnorm
182,Q0,DOE2-22-0995,546,13.551873302274501,minmaxnorm
182,Q0,DOE2-54-1069,547,13.521431792158431,minmaxnorm
182,Q0,FR88823-0012,548,13.518649554048324,minmaxnorm
182,Q0,FR89928-0012,549,13.512497884529617,minmaxnorm
182,Q0,FR88804-0009,550,13.50482312599064,minmaxnorm
182,Q0,AP890829-0208,551,13.40444102636738,minmaxnorm
182,Q0,FR891002-0039,552,13.396601383416796,minmaxnorm
182,Q0,FR88218-0019,553,13.373551388263007,minmaxnorm
182,Q0,FR89727-0023,554,13.33118646385595,minmaxnorm
182,Q0,DOE2-25-0022,555,13.320902237510216,minmaxnorm
182,Q0,FR89210-0011,556,13.297603828870834,minmaxnorm
182,Q0,DOE1-91-0398,557,13.286010965987112,minmaxnorm
182,Q0,FR88212-0029,558,13.268115678388476,minmaxnorm
182,Q0,FR89710-0087,559,13.260577207394814,minmaxnorm
182,Q0,WSJ870911-0086,560,13.24339532640809,minmaxnorm
182,Q0,FR89106-0010,561,13.229590791466471,minmaxnorm
182,Q0,FR88914-0025,562,13.227673867044581,minmaxnorm
182,Q0,FR881123-0014,563,13.211973915847828,minmaxnorm
182,Q0,FR89217-0043,564,13.184092062381257,minmaxnorm
182,Q0,AP890626-0010,565,13.17801073662362,minmaxnorm
182,Q0,FR88205-0028,566,13.155750293119764,minmaxnorm
182,Q0,FR88516-0021,567,13.147654829941194,minmaxnorm
182,Q0,AP880406-0204,568,13.140826305604385,minmaxnorm
182,Q0,FR88811-0164,569,13.115969614054336,minmaxnorm
182,Q0,WSJ880211-0079,570,13.105075726360646,minmaxnorm
182,Q0,FR891107-0016,571,13.096683295038057,minmaxnorm
182,Q0,FR89329-0029,572,13.091339495912996,minmaxnorm
182,Q0,FR891106-0057,573,13.065984679307011,minmaxnorm
182,Q0,WSJ880930-0017,574,13.059162674101673,minmaxnorm
182,Q0,AP890410-0086,575,13.044217535865783,minmaxnorm
182,Q0,FR89418-0012,576,12.958876589660965,minmaxnorm
182,Q0,FR88205-0027,577,12.938760854284697,minmaxnorm
182,Q0,AP890313-0166,578,12.876800513469304,minmaxnorm
182,Q0,FR881101-0024,579,12.873016486856335,minmaxnorm
182,Q0,AP890808-0158,580,12.867027644464155,minmaxnorm
182,Q0,FR88819-0025,581,12.850171374861608,minmaxnorm
182,Q0,AP880602-0296,582,12.835996844172348,minmaxnorm
182,Q0,FR88809-0050,583,12.82512056944737,minmaxnorm
182,Q0,FR89929-0036,584,12.794792729612913,minmaxnorm
182,Q0,FR89919-0022,585,12.734918489541942,minmaxnorm
182,Q0,FR89512-0032,586,12.734624032215091,minmaxnorm
182,Q0,DOE2-31-0612,587,12.71788026209315,minmaxnorm
182,Q0,FR891027-0019,588,12.707257217778922,minmaxnorm
182,Q0,FR88817-0020,589,12.69115966891338,minmaxnorm
182,Q0,AP890329-0144,590,12.685494555275518,minmaxnorm
182,Q0,AP880328-0251,591,12.663473733498275,minmaxnorm
182,Q0,FR881014-0155,592,12.652347417191288,minmaxnorm
182,Q0,FR88817-0024,593,12.59512667293363,minmaxnorm
182,Q0,FR89314-0010,594,12.592523550331283,minmaxnorm
182,Q0,FR88707-0013,595,12.587037774016853,minmaxnorm
182,Q0,FR88126-0041,596,12.583985716844088,minmaxnorm
182,Q0,FR88713-0039,597,12.57111844516243,minmaxnorm
182,Q0,FR881014-0028,598,12.56113893278862,minmaxnorm
182,Q0,FR891017-0032,599,12.491094753313988,minmaxnorm
182,Q0,FR881125-0025,600,12.477175162463238,minmaxnorm
182,Q0,FR88830-0063,601,12.47016216187309,minmaxnorm
182,Q0,AP890925-0193,602,12.464065856213905,minmaxnorm
182,Q0,FR88829-0063,603,12.43589801077222,minmaxnorm
182,Q0,FR88707-0011,604,12.431521794718522,minmaxnorm
182,Q0,DOE1-27-0797,605,12.41616188879531,minmaxnorm
182,Q0,AP880622-0077,606,12.41056127215551,minmaxnorm
182,Q0,WSJ870703-0186,607,12.40129884950756,minmaxnorm
182,Q0,AP880928-0056,608,12.387362993623464,minmaxnorm
182,Q0,AP890411-0098,609,12.359537330392367,minmaxnorm
182,Q0,FR89106-0022,610,12.334300360936904,minmaxnorm
182,Q0,DOE2-06-0751,611,12.313587575433026,minmaxnorm
182,Q0,FR881101-0023,612,12.310479073959257,minmaxnorm
182,Q0,FR89119-0026,613,12.295960325269384,minmaxnorm
182,Q0,FR88510-0025,614,12.287592049478995,minmaxnorm
182,Q0,AP890830-0159,615,12.243440115227953,minmaxnorm
182,Q0,WSJ880511-0148,616,12.237342423755898,minmaxnorm
182,Q0,FR88818-0091,617,12.23159857921785,minmaxnorm
182,Q0,WSJ870512-0032,618,12.221420941330878,minmaxnorm
182,Q0,FR89621-0037,619,12.195056320134992,minmaxnorm
182,Q0,WSJ870219-0095,620,12.183381636216376,minmaxnorm
182,Q0,AP880711-0056,621,12.18141215583543,minmaxnorm
182,Q0,AP880413-0105,622,12.173965545865972,minmaxnorm
182,Q0,AP890529-0134,623,12.158121832561408,minmaxnorm
182,Q0,WSJ880705-0123,624,12.14679493048356,minmaxnorm
182,Q0,FR89712-0236,625,12.138455211999236,minmaxnorm
182,Q0,AP890414-0075,626,12.125086010490932,minmaxnorm
182,Q0,DOE2-65-1223,627,12.086365640584185,minmaxnorm
182,Q0,AP880902-0121,628,12.082711312649417,minmaxnorm
182,Q0,FR881024-0099,629,12.068415139823708,minmaxnorm
182,Q0,FR89421-0019,630,12.068040104311631,minmaxnorm
182,Q0,FR89119-0017,631,12.056030518451074,minmaxnorm
182,Q0,AP891218-0212,632,12.042776813193752,minmaxnorm
182,Q0,FR89306-0018,633,12.016895344399575,minmaxnorm
182,Q0,FR89215-0044,634,11.982303690322462,minmaxnorm
182,Q0,DOE2-79-0305,635,11.950349090984282,minmaxnorm
182,Q0,FR88225-0028,636,11.941027654481251,minmaxnorm
182,Q0,AP880228-0071,637,11.928332581306542,minmaxnorm
182,Q0,FR891114-0019,638,11.918906507853418,minmaxnorm
182,Q0,WSJ880506-0162,639,11.847009893563095,minmaxnorm
182,Q0,AP880727-0010,640,11.834035379731906,minmaxnorm
182,Q0,AP880624-0128,641,11.768211374103888,minmaxnorm
182,Q0,WSJ870811-0013,642,11.760577424059143,minmaxnorm
182,Q0,DOE1-15-1170,643,11.75594556455606,minmaxnorm
182,Q0,AP890105-0183,644,11.73268116044337,minmaxnorm
182,Q0,FR89124-0042,645,11.725699083062073,minmaxnorm
182,Q0,FR88602-0009,646,11.71287966680613,minmaxnorm
182,Q0,AP880727-0030,647,11.704974674709836,minmaxnorm
182,Q0,FR89501-0041,648,11.68870692464871,minmaxnorm
182,Q0,FR891027-0036,649,11.67108991532567,minmaxnorm
182,Q0,AP890914-0021,650,11.66351170920128,minmaxnorm
182,Q0,FR89714-0015,651,11.661875947042212,minmaxnorm
182,Q0,FR89410-0035,652,11.619238172880756,minmaxnorm
182,Q0,FR88928-0045,653,11.538610556666566,minmaxnorm
182,Q0,WSJ910124-0130,654,11.521097031511284,minmaxnorm
182,Q0,DOE2-35-0465,655,11.515453801502396,minmaxnorm
182,Q0,FR881123-0013,656,11.469270636077303,minmaxnorm
182,Q0,FR88218-0177,657,11.439106084132014,minmaxnorm
182,Q0,WSJ910726-0188,658,11.43490575242317,minmaxnorm
182,Q0,AP890101-0017,659,11.434094117195853,minmaxnorm
182,Q0,AP890717-0186,660,11.424751323533561,minmaxnorm
182,Q0,FR88809-0018,661,11.383227518844327,minmaxnorm
182,Q0,FR881024-0194,662,11.383051089774808,minmaxnorm
182,Q0,FR89816-0035,663,11.363411572069582,minmaxnorm
182,Q0,WSJ870617-0004,664,11.343130898749935,minmaxnorm
182,Q0,FR89224-0012,665,11.298708746386646,minmaxnorm
182,Q0,FR89523-0042,666,11.253337939758268,minmaxnorm
182,Q0,FR891005-0020,667,11.250732256323632,minmaxnorm
182,Q0,AP880610-0037,668,11.24970182474723,minmaxnorm
182,Q0,WSJ871028-0057,669,11.186191835315874,minmaxnorm
182,Q0,FR88907-0041,670,11.179242368604852,minmaxnorm
182,Q0,FR88514-0001,671,11.12354275991709,minmaxnorm
182,Q0,AP890126-0255,672,11.101904803975753,minmaxnorm
182,Q0,FR891114-0018,673,11.0772823502724,minmaxnorm
182,Q0,FR891013-0017,674,10.997557519590957,minmaxnorm
182,Q0,FR88615-0030,675,10.948378958274176,minmaxnorm
182,Q0,FR89316-0038,676,10.932172124406028,minmaxnorm
182,Q0,AP890410-0208,677,10.910462849400325,minmaxnorm
182,Q0,FR88928-0024,678,10.899932745605001,minmaxnorm
182,Q0,FR881129-0028,679,10.852429368527195,minmaxnorm
182,Q0,FR881020-0066,680,10.852317606586443,minmaxnorm
182,Q0,WSJ911115-0127,681,10.84628279017609,minmaxnorm
182,Q0,FR89615-0022,682,10.831376225974369,minmaxnorm
182,Q0,FR89327-0022,683,10.798098124772427,minmaxnorm
182,Q0,DOE2-74-0115,684,10.767099802223395,minmaxnorm
182,Q0,WSJ891013-0031,685,10.729115499024454,minmaxnorm
182,Q0,FR89519-0029,686,10.723387998859824,minmaxnorm
182,Q0,FR88615-0031,687,10.70050456719463,minmaxnorm
182,Q0,FR89816-0021,688,10.682584989907573,minmaxnorm
182,Q0,FR89313-0025,689,10.618292563265822,minmaxnorm
182,Q0,FR89308-0060,690,10.591970472072983,minmaxnorm
182,Q0,ZF108-538-766,691,10.590606185710046,minmaxnorm
182,Q0,FR88715-0039,692,10.589555147677201,minmaxnorm
182,Q0,FR88211-0041,693,10.587086824884329,minmaxnorm
182,Q0,FR88216-0041,694,10.585743303515716,minmaxnorm
182,Q0,FR88601-0043,695,10.578343837909173,minmaxnorm
182,Q0,FR88829-0043,696,10.537495789695882,minmaxnorm
182,Q0,FR881129-0016,697,10.52970683122978,minmaxnorm
182,Q0,AP880624-0110,698,10.517214122941352,minmaxnorm
182,Q0,AP880602-0323,699,10.503041664217522,minmaxnorm
182,Q0,FR88602-0026,700,10.481716108222027,minmaxnorm
182,Q0,FR88830-0043,701,10.474520014202065,minmaxnorm
182,Q0,FR89302-0045,702,10.473327272156356,minmaxnorm
182,Q0,WSJ910401-0098,703,10.44852802602557,minmaxnorm
182,Q0,FR89104-0023,704,10.441438469869404,minmaxnorm
182,Q0,FR89106-0015,705,10.408507978807016,minmaxnorm
182,Q0,FR89609-0111,706,10.402362767308087,minmaxnorm
182,Q0,FR89206-0035,707,10.391334207113124,minmaxnorm
182,Q0,AP890829-0168,708,10.390522460051962,minmaxnorm
182,Q0,FR88127-0042,709,10.374575739479258,minmaxnorm
182,Q0,FR88211-0283,710,10.357469128254415,minmaxnorm
182,Q0,WSJ910610-0052,711,10.286741930874472,minmaxnorm
182,Q0,AP891110-0105,712,10.262954013144064,minmaxnorm
182,Q0,FR89602-0043,713,10.243153613842766,minmaxnorm
182,Q0,FR891023-0033,714,10.24170476848167,minmaxnorm
182,Q0,FR881116-0138,715,10.23041983261708,minmaxnorm
182,Q0,FR88211-0029,716,10.227710207160914,minmaxnorm
182,Q0,FR88216-0029,717,10.227031002077384,minmaxnorm
182,Q0,WSJ880415-0104,718,10.201582868853377,minmaxnorm
182,Q0,DOE1-76-0059,719,10.200407909223344,minmaxnorm
182,Q0,FR89223-0032,720,10.188119485536303,minmaxnorm
182,Q0,FR881028-0034,721,10.187951882877753,minmaxnorm
182,Q0,AP890624-0022,722,10.158890816838285,minmaxnorm
182,Q0,FR89727-0012,723,10.142094843091872,minmaxnorm
182,Q0,AP890810-0108,724,10.112844645772725,minmaxnorm
182,Q0,DOE1-61-0826,725,10.109519747726612,minmaxnorm
182,Q0,FR891121-0048,726,10.099213337126377,minmaxnorm
182,Q0,FR88105-0034,727,10.096396690225891,minmaxnorm
182,Q0,WSJ900517-0104,728,10.054198456759895,minmaxnorm
182,Q0,FR89928-0018,729,10.049902477565348,minmaxnorm
182,Q0,DOE2-33-1160,730,10.037002208136958,minmaxnorm
182,Q0,FR89331-0033,731,10.035621404422237,minmaxnorm
182,Q0,WSJ880408-0114,732,10.033556745140011,minmaxnorm
182,Q0,FR89922-0015,733,10.025140866069732,minmaxnorm
182,Q0,DOE1-81-0459,734,10.02330554508476,minmaxnorm
182,Q0,FR89324-0019,735,10.022435023950441,minmaxnorm
182,Q0,FR891117-0019,736,9.972871124016317,minmaxnorm
182,Q0,FR88825-0016,737,9.946044976295255,minmaxnorm
182,Q0,FR89721-0012,738,9.93797360830196,minmaxnorm
182,Q0,FR88811-0171,739,9.93618946359539,minmaxnorm
182,Q0,DOE1-43-0727,740,9.93225171375793,minmaxnorm
182,Q0,AP881103-0224,741,9.929485889366838,minmaxnorm
182,Q0,AP881219-0120,742,9.928677478057246,minmaxnorm
182,Q0,FR88105-0021,743,9.928118434899442,minmaxnorm
182,Q0,FR88606-0041,744,9.927403350310264,minmaxnorm
182,Q0,AP890825-0038,745,9.924997319079756,minmaxnorm
182,Q0,AP890315-0232,746,9.883435706528727,minmaxnorm
182,Q0,WSJ870619-0124,747,9.879629653141809,minmaxnorm
182,Q0,AP890508-0267,748,9.858886244003529,minmaxnorm
182,Q0,FR88928-0030,749,9.85305552537034,minmaxnorm
182,Q0,FR88729-0039,750,9.833298316559356,minmaxnorm
182,Q0,FR89630-0041,751,9.81679068056219,minmaxnorm
182,Q0,DOE2-56-0415,752,9.81419194566193,minmaxnorm
182,Q0,DOE1-56-1246,753,9.799997333243454,minmaxnorm
182,Q0,FR89214-0076,754,9.795331429112512,minmaxnorm
182,Q0,WSJ900621-0006,755,9.756295126555116,minmaxnorm
182,Q0,FR89410-0041,756,9.753584694344056,minmaxnorm
182,Q0,FR88504-0029,757,9.741346548616546,minmaxnorm
182,Q0,FR891107-0029,758,9.740199869477756,minmaxnorm
182,Q0,WSJ870710-0114,759,9.693433715448508,minmaxnorm
182,Q0,ZF207-487-442,760,9.684719211557056,minmaxnorm
182,Q0,DOE1-40-0394,761,9.682031268129139,minmaxnorm
182,Q0,WSJ880810-0136,762,9.629481551062712,minmaxnorm
182,Q0,WSJ900523-0075,763,9.59796868475162,minmaxnorm
182,Q0,FR88614-0023,764,9.59005027705521,minmaxnorm
182,Q0,FR89117-0052,765,9.589474527647377,minmaxnorm
182,Q0,WSJ880829-0066,766,9.580224665519067,minmaxnorm
182,Q0,AP880627-0059,767,9.552271811106547,minmaxnorm
182,Q0,WSJ920218-0087,768,9.538688534251008,minmaxnorm
182,Q0,FR88826-0039,769,9.526878678364529,minmaxnorm
182,Q0,WSJ920323-0179,770,9.513934961304383,minmaxnorm
182,Q0,DOE1-22-1345,771,9.500781786517127,minmaxnorm
182,Q0,ZF207-938-336,772,9.461472906420662,minmaxnorm
182,Q0,FR89105-0008,773,9.437692957258518,minmaxnorm
182,Q0,DOE2-59-0523,774,9.409394428580399,minmaxnorm
182,Q0,DOE1-88-0079,775,9.380205839932561,minmaxnorm
182,Q0,AP890405-0193,776,9.378936434307287,minmaxnorm
182,Q0,FR88609-0043,777,9.349617768744647,minmaxnorm
182,Q0,FR89628-0001,778,9.345365795912194,minmaxnorm
182,Q0,FR88614-0047,779,9.333198257017223,minmaxnorm
182,Q0,FR89427-0015,780,9.30046202451155,minmaxnorm
182,Q0,FR88831-0056,781,9.295236323058209,minmaxnorm
182,Q0,FR89607-0039,782,9.272426005133468,minmaxnorm
182,Q0,FR89213-0018,783,9.245667966649359,minmaxnorm
182,Q0,FR89420-0154,784,9.243983522784921,minmaxnorm
182,Q0,FR89718-0041,785,9.242044671146175,minmaxnorm
182,Q0,AP880519-0083,786,9.236329224748548,minmaxnorm
182,Q0,FR89302-0026,787,9.195351081528113,minmaxnorm
182,Q0,WSJ900426-0085,788,9.166378557330047,minmaxnorm
182,Q0,FR88707-0021,789,9.15445756743907,minmaxnorm
182,Q0,FR88506-0085,790,9.151241258351975,minmaxnorm
182,Q0,FR881129-0030,791,9.1370554046487,minmaxnorm
182,Q0,FR881202-0145,792,9.133821324838664,minmaxnorm
182,Q0,AP890926-0114,793,9.11055879747078,minmaxnorm
182,Q0,FR89804-0048,794,9.105362949538069,minmaxnorm
182,Q0,FR88826-0028,795,9.104108295294704,minmaxnorm
182,Q0,DOE2-10-0553,796,9.094652717730717,minmaxnorm
182,Q0,FR89802-0054,797,9.090350123350158,minmaxnorm
182,Q0,FR89721-0087,798,9.082246624399927,minmaxnorm
182,Q0,FR89815-0054,799,9.040232953443535,minmaxnorm
182,Q0,AP890206-0232,800,9.033962217758107,minmaxnorm
182,Q0,DOE1-73-0829,801,9.025523651339977,minmaxnorm
182,Q0,AP891130-0050,802,9.018160527666012,minmaxnorm
182,Q0,FR89727-0020,803,9.01754812463684,minmaxnorm
182,Q0,DOE2-77-1110,804,9.015946947672044,minmaxnorm
182,Q0,FR88928-0027,805,8.995468606245879,minmaxnorm
182,Q0,FR89118-0014,806,8.984719216495364,minmaxnorm
182,Q0,FR89324-0050,807,8.958222238539365,minmaxnorm
182,Q0,FR88914-0018,808,8.950253217888273,minmaxnorm
182,Q0,FR88722-0051,809,8.940609539134325,minmaxnorm
182,Q0,AP880917-0134,810,8.933686413762592,minmaxnorm
182,Q0,FR89822-0028,811,8.917228731352703,minmaxnorm
182,Q0,FR88808-0056,812,8.904109667084398,minmaxnorm
182,Q0,FR88816-0013,813,8.880504676531693,minmaxnorm
182,Q0,AP880629-0158,814,8.857720181342083,minmaxnorm
182,Q0,FR89303-0028,815,8.85094217823485,minmaxnorm
182,Q0,FR891108-0038,816,8.845663785137395,minmaxnorm
182,Q0,AP880421-0250,817,8.824864511347263,minmaxnorm
182,Q0,AP881103-0150,818,8.783715180738039,minmaxnorm
182,Q0,FR881031-0038,819,8.67151956261006,minmaxnorm
182,Q0,WSJ870220-0090,820,8.664114703113897,minmaxnorm
182,Q0,FR89602-0040,821,8.655908615785542,minmaxnorm
182,Q0,AP890426-0173,822,8.646810919650092,minmaxnorm
182,Q0,FR88512-0039,823,8.64406618358067,minmaxnorm
182,Q0,WSJ900613-0057,824,8.609482696784774,minmaxnorm
182,Q0,FR89920-0048,825,8.58620973193228,minmaxnorm
182,Q0,AP880531-0199,826,8.575230040546405,minmaxnorm
182,Q0,FR88819-0128,827,8.559625433794746,minmaxnorm
182,Q0,AP880227-0091,828,8.555688321164455,minmaxnorm
182,Q0,FR89606-0035,829,8.555323675207612,minmaxnorm
182,Q0,AP890615-0300,830,8.553639372486803,minmaxnorm
182,Q0,AP881018-0148,831,8.539496789109613,minmaxnorm
182,Q0,FR89403-0038,832,8.535006634323528,minmaxnorm
182,Q0,FR89531-0020,833,8.523172425770191,minmaxnorm
182,Q0,FR891108-0042,834,8.521084421841955,minmaxnorm
182,Q0,FR88923-0147,835,8.50737311230183,minmaxnorm
182,Q0,WSJ910509-0110,836,8.488030266296121,minmaxnorm
182,Q0,FR89306-0046,837,8.482751130688243,minmaxnorm
182,Q0,FR88614-0021,838,8.480107427183627,minmaxnorm
182,Q0,FR89313-0128,839,8.4598302883966,minmaxnorm
182,Q0,FR89112-0037,840,8.449388266462604,minmaxnorm
182,Q0,FR89728-0025,841,8.439104405063262,minmaxnorm
182,Q0,WSJ871015-0105,842,8.43489792329655,minmaxnorm
182,Q0,FR881130-0035,843,8.421140922840829,minmaxnorm
182,Q0,FR89201-0038,844,8.419963024109189,minmaxnorm
182,Q0,FR89321-0028,845,8.419313548257469,minmaxnorm
182,Q0,WSJ920214-0065,846,8.409855992315059,minmaxnorm
182,Q0,AP890817-0092,847,8.409397327435446,minmaxnorm
182,Q0,AP880717-0027,848,8.40599407399127,minmaxnorm
182,Q0,AP880605-0032,849,8.401744451415428,minmaxnorm
182,Q0,FR88916-0018,850,8.398355718577331,minmaxnorm
182,Q0,FR88728-0026,851,8.385322400586158,minmaxnorm
182,Q0,FR88209-0012,852,8.359919703608115,minmaxnorm
182,Q0,FR88726-0088,853,8.359013622091734,minmaxnorm
182,Q0,FR88205-0118,854,8.349363375015933,minmaxnorm
182,Q0,AP890516-0224,855,8.295552443361128,minmaxnorm
182,Q0,DOE1-42-0959,856,8.27899316091861,minmaxnorm
182,Q0,FR89310-0008,857,8.255837797277332,minmaxnorm
182,Q0,FR88511-0168,858,8.233139619657013,minmaxnorm
182,Q0,FR881130-0105,859,8.230914860062816,minmaxnorm
182,Q0,FR89317-0025,860,8.228636717248905,minmaxnorm
182,Q0,FR89802-0048,861,8.225522303157016,minmaxnorm
182,Q0,FR88725-0031,862,8.213603443840583,minmaxnorm
182,Q0,DOE1-85-0505,863,8.179749925105163,minmaxnorm
182,Q0,FR89807-0016,864,8.175895834069147,minmaxnorm
182,Q0,DOE2-65-1208,865,8.162556468040467,minmaxnorm
182,Q0,FR881028-0024,866,8.145184869068977,minmaxnorm
182,Q0,WSJ920224-0008,867,8.143937078409548,minmaxnorm
182,Q0,FR89627-0084,868,8.13435485479383,minmaxnorm
182,Q0,FR89215-0043,869,8.112422113301182,minmaxnorm
182,Q0,FR88818-0051,870,8.108634027161076,minmaxnorm
182,Q0,DOE2-68-1017,871,8.085362101605334,minmaxnorm
182,Q0,FR89127-0046,872,8.075480027354795,minmaxnorm
182,Q0,FR88928-0134,873,8.043081891615019,minmaxnorm
182,Q0,FR88920-0018,874,8.03868619098884,minmaxnorm
182,Q0,WSJ880927-0107,875,8.016603690626452,minmaxnorm
182,Q0,FR89531-0019,876,7.98980382125992,minmaxnorm
182,Q0,FR881207-0029,877,7.989139041393586,minmaxnorm
182,Q0,FR88912-0012,878,7.982946217017719,minmaxnorm
182,Q0,WSJ870514-0040,879,7.979780188286932,minmaxnorm
182,Q0,FR88830-0045,880,7.970916603093285,minmaxnorm
182,Q0,DOE1-84-1300,881,7.966074274930006,minmaxnorm
182,Q0,DOE1-36-0062,882,7.954470940830603,minmaxnorm
182,Q0,FR88816-0037,883,7.926519541625362,minmaxnorm
182,Q0,FR88829-0045,884,7.914121292603008,minmaxnorm
182,Q0,DOE2-68-0386,885,7.905432797263789,minmaxnorm
182,Q0,FR88819-0026,886,7.893807577261391,minmaxnorm
182,Q0,FR89616-0112,887,7.892630189448001,minmaxnorm
182,Q0,DOE1-69-0628,888,7.8695619474952805,minmaxnorm
182,Q0,AP880509-0201,889,7.851536472227777,minmaxnorm
182,Q0,FR881019-0115,890,7.835505666992699,minmaxnorm
182,Q0,FR88922-0028,891,7.822817756772934,minmaxnorm
182,Q0,AP881019-0033,892,7.795469304636713,minmaxnorm
182,Q0,FR89629-0015,893,7.7713713873362895,minmaxnorm
182,Q0,FR89811-0042,894,7.755152574199536,minmaxnorm
182,Q0,AP891012-0277,895,7.746939346157373,minmaxnorm
182,Q0,FR88831-0059,896,7.7351667017559524,minmaxnorm
182,Q0,FR89602-0024,897,7.728526427668879,minmaxnorm
182,Q0,DOE2-40-1204,898,7.724898228136174,minmaxnorm
182,Q0,FR88121-0060,899,7.707217156991797,minmaxnorm
182,Q0,FR881121-0030,900,7.699640324518668,minmaxnorm
182,Q0,FR89629-0016,901,7.6836892144076,minmaxnorm
182,Q0,DOE2-03-0971,902,7.6820863302418445,minmaxnorm
182,Q0,FR89307-0043,903,7.662644644316024,minmaxnorm
182,Q0,FR88802-0022,904,7.600022130972106,minmaxnorm
182,Q0,FR89621-0044,905,7.5651451421599365,minmaxnorm
182,Q0,AP891214-0187,906,7.559566990571549,minmaxnorm
182,Q0,FR89327-0037,907,7.557112602086026,minmaxnorm
182,Q0,FR88518-0036,908,7.550417551808596,minmaxnorm
182,Q0,ZF109-603-875,909,7.547318651162416,minmaxnorm
182,Q0,FR89510-0034,910,7.53347704640085,minmaxnorm
182,Q0,FR89329-0053,911,7.525422638483409,minmaxnorm
182,Q0,FR88830-0115,912,7.510078081621333,minmaxnorm
182,Q0,FR88609-0018,913,7.495764498821858,minmaxnorm
182,Q0,DOE1-85-0359,914,7.478071008726539,minmaxnorm
182,Q0,FR881024-0085,915,7.471058570102174,minmaxnorm
182,Q0,ZF108-432-122,916,7.453076746056066,minmaxnorm
182,Q0,FR88829-0115,917,7.450931249214639,minmaxnorm
182,Q0,FR89811-0017,918,7.445701667353061,minmaxnorm
182,Q0,FR88907-0040,919,7.418924816411476,minmaxnorm
182,Q0,FR89619-0028,920,7.410097446135362,minmaxnorm
182,Q0,FR89221-0055,921,7.38697225976059,minmaxnorm
182,Q0,AP880629-0150,922,7.370280344902741,minmaxnorm
182,Q0,ZF207-286-414,923,7.355050764861807,minmaxnorm
182,Q0,AP880915-0167,924,7.35233457907474,minmaxnorm
182,Q0,AP890424-0009,925,7.326764550705365,minmaxnorm
182,Q0,FR88804-0008,926,7.3044926947220015,minmaxnorm
182,Q0,FR88601-0032,927,7.297610662852214,minmaxnorm
182,Q0,AP880430-0116,928,7.295857617748861,minmaxnorm
182,Q0,AP880321-0159,929,7.289430981381891,minmaxnorm
182,Q0,FR89330-0057,930,7.288933888939889,minmaxnorm
182,Q0,WSJ880520-0166,931,7.284021854402113,minmaxnorm
182,Q0,FR89505-0023,932,7.273511449215821,minmaxnorm
182,Q0,FR89309-0018,933,7.273117805360725,minmaxnorm
182,Q0,AP890109-0115,934,7.26881309165243,minmaxnorm
182,Q0,ZF109-661-721,935,7.230544445945447,minmaxnorm
182,Q0,WSJ910617-0017,936,7.193590808953334,minmaxnorm
182,Q0,ZF207-361-844,937,7.192500466045521,minmaxnorm
182,Q0,WSJ891003-0099,938,7.18927973766157,minmaxnorm
182,Q0,ZF109-628-909,939,7.1662121737075735,minmaxnorm
182,Q0,WSJ910705-0088,940,7.154700499219277,minmaxnorm
182,Q0,DOE1-60-0694,941,7.148159093345177,minmaxnorm
182,Q0,FR88125-0015,942,7.1343722914302745,minmaxnorm
182,Q0,FR88805-0058,943,7.126370075273359,minmaxnorm
182,Q0,FR891027-0087,944,7.108490769236335,minmaxnorm
182,Q0,FR88112-0007,945,7.102564809357544,minmaxnorm
182,Q0,FR89922-0026,946,7.092472310385074,minmaxnorm
182,Q0,DOE2-05-0581,947,7.083403326463108,minmaxnorm
182,Q0,AP881031-0260,948,7.058765093189502,minmaxnorm
182,Q0,FR891023-0010,949,7.056926701541242,minmaxnorm
182,Q0,FR89718-0045,950,7.053656689074911,minmaxnorm
182,Q0,FR89403-0015,951,7.047272420624618,minmaxnorm
182,Q0,DOE2-60-0029,952,7.046292900607924,minmaxnorm
182,Q0,DOE2-36-0271,953,7.045740196159254,minmaxnorm
182,Q0,DOE2-72-0046,954,7.044221131074108,minmaxnorm
182,Q0,WSJ880518-0110,955,7.032882734681722,minmaxnorm
182,Q0,WSJ901228-0032,956,7.025888504753471,minmaxnorm
182,Q0,WSJ910605-0100,957,7.006125498777843,minmaxnorm
182,Q0,ZF109-475-481,958,6.9876768693816,minmaxnorm
182,Q0,AP890824-0150,959,6.967377618521679,minmaxnorm
182,Q0,WSJ880520-0179,960,6.966427662040817,minmaxnorm
182,Q0,DOE2-44-0693,961,6.965141959322894,minmaxnorm
182,Q0,FR89424-0014,962,6.9404428338408115,minmaxnorm
182,Q0,FR881130-0014,963,6.934658544095726,minmaxnorm
182,Q0,FR89106-0026,964,6.925815074704728,minmaxnorm
182,Q0,ZF207-891-062,965,6.923336565566533,minmaxnorm
182,Q0,AP880222-0234,966,6.920372468684185,minmaxnorm
182,Q0,AP890518-0009,967,6.915421019072908,minmaxnorm
182,Q0,FR891003-0060,968,6.895349183345477,minmaxnorm
182,Q0,FR89609-0109,969,6.895327226873395,minmaxnorm
182,Q0,WSJ871016-0043,970,6.882064143760721,minmaxnorm
182,Q0,WSJ900426-0083,971,6.881727403951485,minmaxnorm
182,Q0,FR88211-0151,972,6.877654770278073,minmaxnorm
182,Q0,FR89330-0039,973,6.846781277604555,minmaxnorm
182,Q0,DOE2-22-0400,974,6.831311752279691,minmaxnorm
182,Q0,FR89523-0041,975,6.830955048724261,minmaxnorm
182,Q0,ZF207-321-008,976,6.82267058732766,minmaxnorm
182,Q0,AP890703-0300,977,6.818055657401522,minmaxnorm
182,Q0,FR891002-0026,978,6.796796308790805,minmaxnorm
182,Q0,AP880910-0041,979,6.784664211432748,minmaxnorm
182,Q0,DOE2-23-0317,980,6.783250327685647,minmaxnorm
182,Q0,FR88713-0041,981,6.7801023668322635,minmaxnorm
182,Q0,FR88913-0054,982,6.774300379187957,minmaxnorm
182,Q0,WSJ910701-0121,983,6.771621611582633,minmaxnorm
182,Q0,ZF207-760-302,984,6.769755262660052,minmaxnorm
182,Q0,WSJ881102-0154,985,6.7524545044744935,minmaxnorm
182,Q0,FR88923-0053,986,6.722403554426581,minmaxnorm
182,Q0,DOE1-63-0616,987,6.716817467634361,minmaxnorm
182,Q0,ZF108-678-966,988,6.7157478736476115,minmaxnorm
182,Q0,AP880402-0124,989,6.705482846574769,minmaxnorm
182,Q0,FR891117-0043,990,6.697569985262042,minmaxnorm
182,Q0,FR89421-0017,991,6.687563653439107,minmaxnorm
182,Q0,FR89313-0038,992,6.685475706828185,minmaxnorm
182,Q0,FR89309-0029,993,6.673973195543992,minmaxnorm
182,Q0,FR89919-0107,994,6.672750792258452,minmaxnorm
182,Q0,DOE2-21-0486,995,6.65425170362782,minmaxnorm
182,Q0,DOE1-46-0491,996,6.650736062217102,minmaxnorm
182,Q0,DOE2-29-0195,997,6.650513917766819,minmaxnorm
182,Q0,WSJ901231-0074,998,6.646565563064091,minmaxnorm
182,Q0,FR89817-0044,999,6.631666363485529,minmaxnorm
182,Q0,FR88114-0026,1000,6.621418161757949,minmaxnorm
184,Q0,AP891217-0015,1,116.64589784186097,minmaxnorm
184,Q0,AP891118-0110,2,104.97510883333798,minmaxnorm
184,Q0,AP891115-0250,3,101.0789232708905,minmaxnorm
184,Q0,AP890603-0008,4,100.61290131314219,minmaxnorm
184,Q0,AP891114-0232,5,98.86760232196029,minmaxnorm
184,Q0,WSJ870220-0053,6,97.89983901208944,minmaxnorm
184,Q0,ZF207-585-114,7,96.49968427547009,minmaxnorm
184,Q0,WSJ871217-0078,8,95.67151774306043,minmaxnorm
184,Q0,AP881025-0209,9,92.7373558006389,minmaxnorm
184,Q0,WSJ870407-0023,10,90.2641144492778,minmaxnorm
184,Q0,WSJ880503-0105,11,89.81664592641113,minmaxnorm
184,Q0,AP891115-0291,12,89.08408230347382,minmaxnorm
184,Q0,WSJ870526-0154,13,84.09244730529609,minmaxnorm
184,Q0,AP891115-0020,14,83.65952611228988,minmaxnorm
184,Q0,WSJ890921-0107,15,82.63229868291381,minmaxnorm
184,Q0,WSJ870204-0070,16,82.59226649216025,minmaxnorm
184,Q0,WSJ880229-0028,17,82.23316140104453,minmaxnorm
184,Q0,WSJ870309-0116,18,81.96081683238089,minmaxnorm
184,Q0,AP890615-0299,19,80.6846992735676,minmaxnorm
184,Q0,AP890803-0257,20,78.42975228799816,minmaxnorm
184,Q0,AP890816-0271,21,77.92747855770241,minmaxnorm
184,Q0,WSJ881007-0099,22,77.75407196504946,minmaxnorm
184,Q0,AP891203-0018,23,76.13698276598002,minmaxnorm
184,Q0,WSJ880722-0096,24,75.48139320400458,minmaxnorm
184,Q0,WSJ900413-0114,25,73.88425592094599,minmaxnorm
184,Q0,WSJ891031-0060,26,73.53394961634484,minmaxnorm
184,Q0,AP880512-0283,27,73.388643318696,minmaxnorm
184,Q0,WSJ900604-0114,28,73.29326733759103,minmaxnorm
184,Q0,WSJ920128-0005,29,72.8914796241847,minmaxnorm
184,Q0,WSJ900614-0054,30,72.8619461137085,minmaxnorm
184,Q0,WSJ871012-0143,31,72.75599064742718,minmaxnorm
184,Q0,WSJ910916-0104,32,71.71223592142478,minmaxnorm
184,Q0,AP890602-0034,33,71.05533589026797,minmaxnorm
184,Q0,WSJ890925-0131,34,70.49687932380063,minmaxnorm
184,Q0,WSJ910628-0122,35,70.00393715278256,minmaxnorm
184,Q0,AP890512-0300,36,68.45171385037997,minmaxnorm
184,Q0,WSJ861202-0051,37,67.95420881057109,minmaxnorm
184,Q0,WSJ870423-0165,38,67.593433987925,minmaxnorm
184,Q0,WSJ861222-0037,39,67.10748215658683,minmaxnorm
184,Q0,AP880623-0257,40,66.9793615437174,minmaxnorm
184,Q0,AP891030-0074,41,66.91923185840601,minmaxnorm
184,Q0,ZF109-660-455,42,66.47599554600751,minmaxnorm
184,Q0,WSJ910604-0002,43,66.0239128741521,minmaxnorm
184,Q0,AP891113-0081,44,64.90316740985725,minmaxnorm
184,Q0,WSJ910709-0106,45,64.76370266082627,minmaxnorm
184,Q0,WSJ910923-0053,46,63.54011770943182,minmaxnorm
184,Q0,ZF207-782-530,47,63.52550735191642,minmaxnorm
184,Q0,WSJ870923-0027,48,62.9788133822438,minmaxnorm
184,Q0,WSJ880720-0096,49,62.43071935724038,minmaxnorm
184,Q0,WSJ870928-0062,50,62.239420535056716,minmaxnorm
184,Q0,WSJ880727-0023,51,62.0913655441763,minmaxnorm
184,Q0,AP880511-0239,52,61.773033636351016,minmaxnorm
184,Q0,WSJ870114-0079,53,61.3577070307028,minmaxnorm
184,Q0,WSJ890818-0069,54,61.085879942611356,minmaxnorm
184,Q0,WSJ870511-0096,55,60.87064251246061,minmaxnorm
184,Q0,WSJ880317-0178,56,60.43766685929313,minmaxnorm
184,Q0,WSJ870803-0056,57,60.4055912721721,minmaxnorm
184,Q0,WSJ910613-0013,58,60.111154106078054,minmaxnorm
184,Q0,WSJ870831-0048,59,59.93858047211524,minmaxnorm
184,Q0,WSJ920320-0027,60,59.91285089350694,minmaxnorm
184,Q0,WSJ910502-0118,61,59.832666194173676,minmaxnorm
184,Q0,WSJ861203-0063,62,59.823420225200195,minmaxnorm
184,Q0,WSJ900619-0084,63,59.806263254975036,minmaxnorm
184,Q0,WSJ880714-0018,64,59.79721075073098,minmaxnorm
184,Q0,WSJ870826-0102,65,59.460622248937824,minmaxnorm
184,Q0,WSJ881101-0002,66,59.40407352770868,minmaxnorm
184,Q0,AP881019-0205,67,59.3923894537345,minmaxnorm
184,Q0,AP881003-0215,68,59.23921387421286,minmaxnorm
184,Q0,AP891030-0292,69,59.12386886804636,minmaxnorm
184,Q0,WSJ900611-0056,70,58.7762205395147,minmaxnorm
184,Q0,WSJ910813-0107,71,58.7624630564055,minmaxnorm
184,Q0,WSJ910620-0131,72,58.69663028979093,minmaxnorm
184,Q0,WSJ911025-0182,73,58.193883404784096,minmaxnorm
184,Q0,WSJ920214-0180,74,58.11514697963402,minmaxnorm
184,Q0,AP890224-0136,75,58.112824166760824,minmaxnorm
184,Q0,WSJ911010-0070,76,57.98337792323178,minmaxnorm
184,Q0,WSJ870521-0006,77,57.797272835096884,minmaxnorm
184,Q0,WSJ880118-0101,78,57.6380088102586,minmaxnorm
184,Q0,WSJ911104-0062,79,57.50509892644212,minmaxnorm
184,Q0,WSJ870629-0012,80,57.409849713222755,minmaxnorm
184,Q0,WSJ870716-0039,81,57.31208273674528,minmaxnorm
184,Q0,WSJ871027-0009,82,56.945806803017796,minmaxnorm
184,Q0,WSJ900816-0065,83,56.92107155828734,minmaxnorm
184,Q0,WSJ910917-0096,84,56.75781500950456,minmaxnorm
184,Q0,WSJ880118-0141,85,56.59777333741621,minmaxnorm
184,Q0,WSJ910625-0052,86,56.406821069548606,minmaxnorm
184,Q0,WSJ871102-0147,87,56.400217094546235,minmaxnorm
184,Q0,ZF108-135-264,88,56.361124395503246,minmaxnorm
184,Q0,WSJ910620-0053,89,56.196955645889986,minmaxnorm
184,Q0,AP890928-0007,90,55.8430525821801,minmaxnorm
184,Q0,WSJ911218-0118,91,55.67226597079473,minmaxnorm
184,Q0,WSJ900927-0134,92,55.5241205445187,minmaxnorm
184,Q0,WSJ870514-0023,93,55.47145848056834,minmaxnorm
184,Q0,WSJ910724-0154,94,55.462207370340586,minmaxnorm
184,Q0,WSJ900703-0017,95,55.44167840382307,minmaxnorm
184,Q0,WSJ880504-0071,96,55.4233881663153,minmaxnorm
184,Q0,WSJ911230-0029,97,55.04489160910197,minmaxnorm
184,Q0,WSJ871019-0108,98,54.568356259058774,minmaxnorm
184,Q0,WSJ911205-0030,99,54.2027934640305,minmaxnorm
184,Q0,AP880622-0335,100,53.67456152759947,minmaxnorm
184,Q0,AP880930-0081,101,53.25656487674451,minmaxnorm
184,Q0,WSJ870113-0067,102,53.00653600186347,minmaxnorm
184,Q0,WSJ910226-0068,103,52.974477729634906,minmaxnorm
184,Q0,WSJ880129-0165,104,52.93028061862829,minmaxnorm
184,Q0,WSJ880426-0068,105,52.411494901479955,minmaxnorm
184,Q0,WSJ870925-0019,106,52.29889161500717,minmaxnorm
184,Q0,WSJ910701-0013,107,51.58800960686328,minmaxnorm
184,Q0,WSJ910305-0147,108,51.58172624131799,minmaxnorm
184,Q0,WSJ920214-0056,109,51.360726220467335,minmaxnorm
184,Q0,WSJ880623-0068,110,51.27399771528793,minmaxnorm
184,Q0,AP881006-0314,111,51.25849280961636,minmaxnorm
184,Q0,WSJ911210-0106,112,51.17166383027977,minmaxnorm
184,Q0,WSJ871006-0129,113,51.1509829309688,minmaxnorm
184,Q0,WSJ870612-0174,114,50.71931408901215,minmaxnorm
184,Q0,AP880713-0309,115,50.60800164923222,minmaxnorm
184,Q0,AP880923-0147,116,50.36042240281664,minmaxnorm
184,Q0,WSJ910301-0008,117,50.17467525879223,minmaxnorm
184,Q0,WSJ870921-0165,118,49.5038245083798,minmaxnorm
184,Q0,AP880413-0177,119,49.48364143945693,minmaxnorm
184,Q0,WSJ871111-0079,120,49.45817939255583,minmaxnorm
184,Q0,WSJ900622-0051,121,49.440154434468944,minmaxnorm
184,Q0,WSJ870306-0164,122,49.22866877622762,minmaxnorm
184,Q0,WSJ880512-0103,123,49.03533171844089,minmaxnorm
184,Q0,WSJ910913-0100,124,48.95589658245207,minmaxnorm
184,Q0,WSJ900824-0062,125,48.82100847680827,minmaxnorm
184,Q0,WSJ871104-0077,126,48.76038302465827,minmaxnorm
184,Q0,WSJ910716-0077,127,48.743847274767994,minmaxnorm
184,Q0,AP891116-0020,128,48.73163761501738,minmaxnorm
184,Q0,WSJ910103-0035,129,47.76715518561094,minmaxnorm
184,Q0,WSJ881117-0099,130,47.69337566080416,minmaxnorm
184,Q0,AP891208-0248,131,47.634684873359745,minmaxnorm
184,Q0,AP880504-0340,132,47.39172538008593,minmaxnorm
184,Q0,WSJ880902-0114,133,47.252223818805696,minmaxnorm
184,Q0,WSJ910401-0084,134,46.91745765463609,minmaxnorm
184,Q0,AP890619-0074,135,46.80651715152488,minmaxnorm
184,Q0,AP890424-0073,136,46.71988232565585,minmaxnorm
184,Q0,WSJ900529-0083,137,46.645007042342534,minmaxnorm
184,Q0,WSJ910724-0086,138,46.47950259653509,minmaxnorm
184,Q0,WSJ910603-0097,139,46.41310778596326,minmaxnorm
184,Q0,WSJ910725-0055,140,46.12393048817415,minmaxnorm
184,Q0,WSJ870303-0023,141,45.91597957827618,minmaxnorm
184,Q0,WSJ920122-0033,142,45.75538742205147,minmaxnorm
184,Q0,AP880829-0275,143,45.509642921421424,minmaxnorm
184,Q0,WSJ880212-0010,144,45.225027361482866,minmaxnorm
184,Q0,WSJ910618-0106,145,45.139074386390945,minmaxnorm
184,Q0,WSJ920131-0177,146,44.77414603479211,minmaxnorm
184,Q0,WSJ910228-0055,147,44.757648750949926,minmaxnorm
184,Q0,WSJ891101-0162,148,44.54479429352692,minmaxnorm
184,Q0,WSJ881031-0067,149,44.167327199247,minmaxnorm
184,Q0,WSJ871118-0165,150,44.103253023256265,minmaxnorm
184,Q0,WSJ900628-0049,151,44.00029905330379,minmaxnorm
184,Q0,WSJ880629-0082,152,43.96285053739082,minmaxnorm
184,Q0,ZF207-782-534,153,43.90979725856136,minmaxnorm
184,Q0,WSJ911007-0062,154,43.459751435535814,minmaxnorm
184,Q0,WSJ871229-0053,155,43.38773491465852,minmaxnorm
184,Q0,AP880503-0245,156,43.09603326809339,minmaxnorm
184,Q0,WSJ910204-0126,157,42.802604093083474,minmaxnorm
184,Q0,WSJ911209-0068,158,42.69045585972576,minmaxnorm
184,Q0,WSJ880415-0015,159,42.67542955419299,minmaxnorm
184,Q0,WSJ900911-0135,160,42.4611952785327,minmaxnorm
184,Q0,WSJ861224-0150,161,42.23415330640114,minmaxnorm
184,Q0,WSJ870521-0124,162,41.786818510802824,minmaxnorm
184,Q0,WSJ910806-0061,163,41.74350501882442,minmaxnorm
184,Q0,WSJ870204-0095,164,40.88655091033172,minmaxnorm
184,Q0,WSJ911209-0029,165,40.807555188992005,minmaxnorm
184,Q0,WSJ870918-0044,166,40.789664208312004,minmaxnorm
184,Q0,WSJ870521-0049,167,40.68612908194596,minmaxnorm
184,Q0,AP880504-0319,168,40.647771897479856,minmaxnorm
184,Q0,WSJ881103-0061,169,40.59631857336139,minmaxnorm
184,Q0,WSJ920310-0007,170,40.595292343400615,minmaxnorm
184,Q0,WSJ900529-0115,171,40.572367850722905,minmaxnorm
184,Q0,WSJ880802-0079,172,40.400055402673146,minmaxnorm
184,Q0,AP890810-0033,173,39.81319932726377,minmaxnorm
184,Q0,WSJ880504-0058,174,39.578055647257536,minmaxnorm
184,Q0,WSJ870424-0207,175,39.550592444173844,minmaxnorm
184,Q0,WSJ880623-0145,176,39.399847639203124,minmaxnorm
184,Q0,WSJ880627-0156,177,39.307413244102186,minmaxnorm
184,Q0,WSJ920115-0009,178,39.24244632972446,minmaxnorm
184,Q0,WSJ870716-0012,179,39.01920768788208,minmaxnorm
184,Q0,WSJ900918-0066,180,38.795979885204524,minmaxnorm
184,Q0,AP881001-0047,181,38.74801830890662,minmaxnorm
184,Q0,WSJ911213-0090,182,38.685644027340345,minmaxnorm
184,Q0,AP880415-0258,183,38.46222436805675,minmaxnorm
184,Q0,AP890501-0268,184,38.429269559868956,minmaxnorm
184,Q0,WSJ900522-0045,185,38.39368776287791,minmaxnorm
184,Q0,WSJ861202-0063,186,38.370241149656344,minmaxnorm
184,Q0,WSJ910123-0007,187,38.33475692601994,minmaxnorm
184,Q0,WSJ871125-0084,188,38.05787669105129,minmaxnorm
184,Q0,WSJ880921-0111,189,38.009626033171806,minmaxnorm
184,Q0,WSJ861201-0031,190,37.91344665153104,minmaxnorm
184,Q0,WSJ900713-0044,191,37.76706073451033,minmaxnorm
184,Q0,WSJ900831-0071,192,37.73316039021083,minmaxnorm
184,Q0,WSJ911216-0058,193,37.64376008426024,minmaxnorm
184,Q0,WSJ890817-0073,194,37.54727026377349,minmaxnorm
184,Q0,WSJ861208-0026,195,37.53064995221853,minmaxnorm
184,Q0,WSJ910717-0148,196,37.46227757427734,minmaxnorm
184,Q0,WSJ911024-0107,197,37.437535338261135,minmaxnorm
184,Q0,AP880510-0259,198,37.40265427871407,minmaxnorm
184,Q0,WSJ910606-0005,199,37.38367918029047,minmaxnorm
184,Q0,AP890914-0236,200,37.342012315974095,minmaxnorm
184,Q0,AP891216-0016,201,37.30163164113971,minmaxnorm
184,Q0,AP880502-0084,202,37.28989492624154,minmaxnorm
184,Q0,AP881116-0189,203,37.13191947745921,minmaxnorm
184,Q0,WSJ870515-0190,204,36.852167377984024,minmaxnorm
184,Q0,WSJ871006-0046,205,36.6162142098551,minmaxnorm
184,Q0,WSJ920207-0060,206,36.61220450763955,minmaxnorm
184,Q0,WSJ871120-0031,207,36.37651547523389,minmaxnorm
184,Q0,WSJ890808-0110,208,36.187707665250144,minmaxnorm
184,Q0,WSJ890822-0063,209,36.06307487790242,minmaxnorm
184,Q0,AP880622-0316,210,36.04860892634595,minmaxnorm
184,Q0,WSJ910712-0113,211,35.89342130625198,minmaxnorm
184,Q0,WSJ870105-0040,212,35.88681362988139,minmaxnorm
184,Q0,WSJ881006-0061,213,35.86004809727251,minmaxnorm
184,Q0,AP891011-0123,214,35.83398673779616,minmaxnorm
184,Q0,WSJ871002-0088,215,35.798561187583786,minmaxnorm
184,Q0,WSJ910313-0150,216,35.765249067767165,minmaxnorm
184,Q0,WSJ910625-0025,217,35.763381764304356,minmaxnorm
184,Q0,WSJ870924-0087,218,35.741126307410894,minmaxnorm
184,Q0,WSJ881013-0019,219,35.57849450197309,minmaxnorm
184,Q0,WSJ871002-0042,220,35.52762891962671,minmaxnorm
184,Q0,WSJ881024-0134,221,34.926936272109785,minmaxnorm
184,Q0,WSJ870717-0006,222,34.91359522859901,minmaxnorm
184,Q0,WSJ881117-0009,223,34.498893235667964,minmaxnorm
184,Q0,WSJ920107-0145,224,34.26410432802124,minmaxnorm
184,Q0,WSJ900615-0008,225,34.263444718640955,minmaxnorm
184,Q0,WSJ890809-0007,226,34.24562647275263,minmaxnorm
184,Q0,WSJ871029-0067,227,34.1955846960862,minmaxnorm
184,Q0,AP880817-0329,228,33.664052284615195,minmaxnorm
184,Q0,WSJ911211-0010,229,33.54000571870174,minmaxnorm
184,Q0,WSJ911017-0110,230,33.457545085736896,minmaxnorm
184,Q0,AP881217-0086,231,33.41016561230691,minmaxnorm
184,Q0,FR88722-0108,232,33.376709420701765,minmaxnorm
184,Q0,WSJ920102-0091,233,33.308010065463044,minmaxnorm
184,Q0,WSJ881007-0191,234,33.1380555865568,minmaxnorm
184,Q0,AP891101-0031,235,32.98325525905694,minmaxnorm
184,Q0,WSJ900621-0012,236,32.465837794863575,minmaxnorm
184,Q0,WSJ910624-0113,237,32.41521831852601,minmaxnorm
184,Q0,WSJ910705-0051,238,32.334438985959935,minmaxnorm
184,Q0,WSJ870728-0004,239,32.185960204825456,minmaxnorm
184,Q0,WSJ901228-0104,240,32.09701262607996,minmaxnorm
184,Q0,WSJ910517-0089,241,31.878426650578167,minmaxnorm
184,Q0,WSJ900416-0001,242,31.454965527225838,minmaxnorm
184,Q0,WSJ871110-0162,243,31.31766540005595,minmaxnorm
184,Q0,WSJ900914-0131,244,31.302460019893132,minmaxnorm
184,Q0,ZF206-954-618,245,31.08938424568964,minmaxnorm
184,Q0,WSJ920212-0114,246,31.052100990469924,minmaxnorm
184,Q0,WSJ891026-0125,247,31.03055817204806,minmaxnorm
184,Q0,WSJ910418-0040,248,31.008862907243852,minmaxnorm
184,Q0,WSJ871116-0035,249,30.940164894800343,minmaxnorm
184,Q0,AP881229-0205,250,30.879237712340036,minmaxnorm
184,Q0,WSJ900918-0007,251,30.743648698377235,minmaxnorm
184,Q0,AP881205-0136,252,30.592563975313027,minmaxnorm
184,Q0,AP880404-0099,253,30.44678662982505,minmaxnorm
184,Q0,WSJ911231-0026,254,30.196094199079425,minmaxnorm
184,Q0,WSJ910613-0160,255,30.176429277412378,minmaxnorm
184,Q0,WSJ920212-0171,256,30.142250572120588,minmaxnorm
184,Q0,ZF108-507-858,257,30.0110181475652,minmaxnorm
184,Q0,WSJ881028-0054,258,29.939929148795155,minmaxnorm
184,Q0,WSJ910920-0018,259,29.93467027314441,minmaxnorm
184,Q0,ZF207-466-462,260,29.908427307909168,minmaxnorm
184,Q0,WSJ870504-0096,261,29.710572174553814,minmaxnorm
184,Q0,WSJ911002-0066,262,29.604198839753707,minmaxnorm
184,Q0,WSJ910121-0183,263,29.26696769760584,minmaxnorm
184,Q0,WSJ900731-0007,264,29.155680596337362,minmaxnorm
184,Q0,ZF108-185-590,265,29.056269438001905,minmaxnorm
184,Q0,WSJ890728-0110,266,28.981179880189533,minmaxnorm
184,Q0,WSJ890928-0043,267,28.957197416176296,minmaxnorm
184,Q0,WSJ900717-0096,268,28.949407740335815,minmaxnorm
184,Q0,WSJ870211-0104,269,28.651113758188238,minmaxnorm
184,Q0,WSJ881114-0011,270,28.533300143066093,minmaxnorm
184,Q0,WSJ911206-0106,271,28.39644270947648,minmaxnorm
184,Q0,FR88728-0093,272,28.357990059452064,minmaxnorm
184,Q0,WSJ881025-0076,273,28.16389244696061,minmaxnorm
184,Q0,FR891117-0071,274,27.88915599197118,minmaxnorm
184,Q0,WSJ870410-0080,275,27.861050047774523,minmaxnorm
184,Q0,AP890704-0157,276,27.75286413401335,minmaxnorm
184,Q0,WSJ880714-0020,277,27.73696763965009,minmaxnorm
184,Q0,WSJ910813-0049,278,27.723954222532885,minmaxnorm
184,Q0,WSJ920212-0136,279,27.690666691082523,minmaxnorm
184,Q0,WSJ900925-0008,280,27.66212354779837,minmaxnorm
184,Q0,AP880502-0286,281,27.627617947831368,minmaxnorm
184,Q0,WSJ910107-0012,282,27.455261765004163,minmaxnorm
184,Q0,WSJ920123-0046,283,27.345708498529447,minmaxnorm
184,Q0,WSJ900703-0134,284,27.30917207831939,minmaxnorm
184,Q0,WSJ890922-0015,285,27.300130849623766,minmaxnorm
184,Q0,WSJ880505-0097,286,27.260613760480336,minmaxnorm
184,Q0,WSJ870924-0046,287,27.259516888870017,minmaxnorm
184,Q0,WSJ870305-0061,288,27.19978946455076,minmaxnorm
184,Q0,WSJ900919-0003,289,27.118629589407412,minmaxnorm
184,Q0,WSJ870423-0035,290,27.09525037338524,minmaxnorm
184,Q0,WSJ910426-0098,291,27.044583461504956,minmaxnorm
184,Q0,WSJ910628-0064,292,26.878662844344824,minmaxnorm
184,Q0,AP880726-0107,293,26.86788193804087,minmaxnorm
184,Q0,AP880503-0004,294,26.857145597455872,minmaxnorm
184,Q0,WSJ861211-0066,295,26.742794612896965,minmaxnorm
184,Q0,WSJ880108-0006,296,26.6019965233146,minmaxnorm
184,Q0,WSJ871228-0009,297,26.542973046432085,minmaxnorm
184,Q0,AP880929-0218,298,26.532618151147005,minmaxnorm
184,Q0,WSJ870629-0170,299,26.346927842793832,minmaxnorm
184,Q0,WSJ880923-0164,300,26.309883588071106,minmaxnorm
184,Q0,AP891222-0115,301,26.307191552826843,minmaxnorm
184,Q0,FR89518-0110,302,26.222219919592927,minmaxnorm
184,Q0,AP880726-0235,303,26.19377007948726,minmaxnorm
184,Q0,WSJ911016-0005,304,26.164982482402458,minmaxnorm
184,Q0,WSJ910418-0152,305,26.1488004518749,minmaxnorm
184,Q0,WSJ871015-0087,306,25.993685478410907,minmaxnorm
184,Q0,WSJ880603-0154,307,25.979873885902432,minmaxnorm
184,Q0,WSJ861209-0146,308,25.978119880340866,minmaxnorm
184,Q0,FR88122-0170,309,25.75938920370714,minmaxnorm
184,Q0,WSJ911028-0095,310,25.701265266679112,minmaxnorm
184,Q0,WSJ920219-0087,311,25.469232068553545,minmaxnorm
184,Q0,WSJ861216-0108,312,25.464679117024332,minmaxnorm
184,Q0,WSJ870416-0073,313,25.36267017959556,minmaxnorm
184,Q0,WSJ910515-0162,314,25.253449296182623,minmaxnorm
184,Q0,WSJ880512-0079,315,25.244824947274356,minmaxnorm
184,Q0,AP890505-0267,316,25.200808808866565,minmaxnorm
184,Q0,WSJ880825-0122,317,25.188157853790972,minmaxnorm
184,Q0,WSJ920114-0097,318,25.100189868466934,minmaxnorm
184,Q0,FR881024-0153,319,25.0187648641093,minmaxnorm
184,Q0,WSJ880425-0119,320,24.973657899268602,minmaxnorm
184,Q0,WSJ870724-0137,321,24.95236021516316,minmaxnorm
184,Q0,AP890922-0297,322,24.931146222575833,minmaxnorm
184,Q0,WSJ910501-0077,323,24.926501067930822,minmaxnorm
184,Q0,AP881101-0202,324,24.90810277682815,minmaxnorm
184,Q0,WSJ870803-0104,325,24.88902741805515,minmaxnorm
184,Q0,WSJ920123-0039,326,24.869982911123326,minmaxnorm
184,Q0,AP890403-0153,327,24.81028017352189,minmaxnorm
184,Q0,WSJ870908-0123,328,24.56645370980833,minmaxnorm
184,Q0,WSJ911023-0097,329,24.550713059969507,minmaxnorm
184,Q0,WSJ861211-0139,330,24.466115865273927,minmaxnorm
184,Q0,WSJ900625-0141,331,24.424874358493195,minmaxnorm
184,Q0,WSJ880105-0053,332,24.384677699939854,minmaxnorm
184,Q0,AP890824-0256,333,24.353441985287997,minmaxnorm
184,Q0,WSJ920129-0171,334,24.292479548739184,minmaxnorm
184,Q0,WSJ920310-0108,335,24.271423188098325,minmaxnorm
184,Q0,WSJ910411-0060,336,24.2478951471898,minmaxnorm
184,Q0,WSJ920218-0035,337,24.224728113922154,minmaxnorm
184,Q0,WSJ870106-0019,338,24.209048405768108,minmaxnorm
184,Q0,WSJ880926-0096,339,24.129966819666958,minmaxnorm
184,Q0,WSJ871014-0021,340,24.046192719659118,minmaxnorm
184,Q0,WSJ900917-0150,341,24.028111397952962,minmaxnorm
184,Q0,AP890505-0296,342,23.956217942918133,minmaxnorm
184,Q0,FR89629-0092,343,23.92505880977571,minmaxnorm
184,Q0,FR891121-0034,344,23.702836800495113,minmaxnorm
184,Q0,WSJ870930-0146,345,23.622196513284607,minmaxnorm
184,Q0,AP890221-0117,346,23.589693740743876,minmaxnorm
184,Q0,AP890720-0245,347,23.581234985141272,minmaxnorm
184,Q0,FR88216-0219,348,23.52784258195654,minmaxnorm
184,Q0,WSJ880126-0110,349,23.499224331788614,minmaxnorm
184,Q0,WSJ870128-0106,350,23.4349535812778,minmaxnorm
184,Q0,WSJ880114-0112,351,23.429293696921643,minmaxnorm
184,Q0,WSJ870327-0075,352,23.39240986973223,minmaxnorm
184,Q0,WSJ900801-0053,353,23.31902513592692,minmaxnorm
184,Q0,WSJ880420-0120,354,23.27944052707743,minmaxnorm
184,Q0,WSJ910205-0128,355,23.203544381230277,minmaxnorm
184,Q0,AP890209-0233,356,23.151486019769237,minmaxnorm
184,Q0,WSJ870105-0035,357,23.128352239290358,minmaxnorm
184,Q0,WSJ900814-0060,358,23.101463700049973,minmaxnorm
184,Q0,AP890706-0235,359,23.071962838013736,minmaxnorm
184,Q0,WSJ870514-0170,360,23.04361744500016,minmaxnorm
184,Q0,AP890511-0063,361,22.88672502075313,minmaxnorm
184,Q0,WSJ900612-0097,362,22.833867772009093,minmaxnorm
184,Q0,WSJ880908-0175,363,22.81117950446492,minmaxnorm
184,Q0,WSJ871223-0085,364,22.735885066763952,minmaxnorm
184,Q0,AP890424-0157,365,22.719569293647037,minmaxnorm
184,Q0,WSJ871022-0020,366,22.642463034504242,minmaxnorm
184,Q0,WSJ900620-0057,367,22.611588766248484,minmaxnorm
184,Q0,AP890103-0148,368,22.600575341541006,minmaxnorm
184,Q0,FR89821-0024,369,22.448638516087076,minmaxnorm
184,Q0,WSJ880503-0048,370,22.414864354532806,minmaxnorm
184,Q0,FR88122-0023,371,22.35027918955987,minmaxnorm
184,Q0,AP881128-0127,372,22.325529325926254,minmaxnorm
184,Q0,AP890414-0033,373,22.29683744448267,minmaxnorm
184,Q0,WSJ871105-0102,374,22.28638106362193,minmaxnorm
184,Q0,FR88122-0024,375,22.2278416683689,minmaxnorm
184,Q0,WSJ870406-0124,376,22.08561659610036,minmaxnorm
184,Q0,AP881017-0016,377,21.99391479202997,minmaxnorm
184,Q0,WSJ900628-0078,378,21.989978872856458,minmaxnorm
184,Q0,WSJ890828-0054,379,21.91883717735947,minmaxnorm
184,Q0,WSJ910415-0137,380,21.85226776165691,minmaxnorm
184,Q0,FR88517-0016,381,21.647540041627664,minmaxnorm
184,Q0,AP890603-0147,382,21.645830096715372,minmaxnorm
184,Q0,WSJ870119-0068,383,21.6233928437067,minmaxnorm
184,Q0,WSJ890920-0032,384,21.537769886917296,minmaxnorm
184,Q0,WSJ910604-0089,385,21.521371418846027,minmaxnorm
184,Q0,ZF207-741-688,386,21.51628557165284,minmaxnorm
184,Q0,WSJ910809-0158,387,21.513013459943245,minmaxnorm
184,Q0,FR89815-0012,388,21.47237326408775,minmaxnorm
184,Q0,AP880324-0323,389,21.454992478313642,minmaxnorm
184,Q0,AP880622-0116,390,21.43870687621654,minmaxnorm
184,Q0,WSJ910523-0112,391,21.42997368739515,minmaxnorm
184,Q0,FR88720-0015,392,21.401335464178644,minmaxnorm
184,Q0,WSJ900423-0029,393,21.375333960838397,minmaxnorm
184,Q0,WSJ910814-0083,394,21.353038858757866,minmaxnorm
184,Q0,DOE2-21-0396,395,21.325425276645856,minmaxnorm
184,Q0,WSJ911217-0062,396,21.320749424784022,minmaxnorm
184,Q0,AP890204-0157,397,21.31028792958326,minmaxnorm
184,Q0,WSJ910521-0043,398,21.30493981885769,minmaxnorm
184,Q0,WSJ871002-0200,399,21.23093273148838,minmaxnorm
184,Q0,WSJ870205-0077,400,21.195679441083453,minmaxnorm
184,Q0,WSJ910507-0007,401,21.192616763323638,minmaxnorm
184,Q0,ZF108-247-656,402,21.158635392556782,minmaxnorm
184,Q0,WSJ910430-0020,403,21.094374686406194,minmaxnorm
184,Q0,FR89713-0067,404,21.065360599269255,minmaxnorm
184,Q0,FR89703-0052,405,21.00545802442223,minmaxnorm
184,Q0,WSJ911031-0098,406,20.99697972380256,minmaxnorm
184,Q0,WSJ911007-0106,407,20.917243989692267,minmaxnorm
184,Q0,WSJ900628-0064,408,20.86701625557692,minmaxnorm
184,Q0,WSJ911105-0032,409,20.83156827777643,minmaxnorm
184,Q0,WSJ910313-0106,410,20.824109726538765,minmaxnorm
184,Q0,FR89823-0093,411,20.7421803535432,minmaxnorm
184,Q0,FR89331-0009,412,20.73267996889691,minmaxnorm
184,Q0,AP880623-0024,413,20.704828158593394,minmaxnorm
184,Q0,AP880513-0258,414,20.649858216579084,minmaxnorm
184,Q0,FR89515-0006,415,20.474993740176746,minmaxnorm
184,Q0,WSJ910903-0037,416,20.46650431791156,minmaxnorm
184,Q0,FR89315-0014,417,20.374692802534284,minmaxnorm
184,Q0,WSJ920123-0137,418,20.349220588273415,minmaxnorm
184,Q0,WSJ911212-0065,419,20.341936806948425,minmaxnorm
184,Q0,FR89714-0004,420,20.316891184516848,minmaxnorm
184,Q0,WSJ880705-0001,421,20.242380734336436,minmaxnorm
184,Q0,AP880904-0015,422,20.234870024926984,minmaxnorm
184,Q0,WSJ890914-0127,423,20.230151852775485,minmaxnorm
184,Q0,WSJ891010-0116,424,20.154498194743148,minmaxnorm
184,Q0,WSJ920214-0034,425,20.152625734226483,minmaxnorm
184,Q0,WSJ920103-0070,426,20.116616543112368,minmaxnorm
184,Q0,AP881010-0058,427,20.045107104007773,minmaxnorm
184,Q0,AP880914-0185,428,20.018040606567727,minmaxnorm
184,Q0,WSJ911114-0104,429,19.984576677762288,minmaxnorm
184,Q0,WSJ871231-0096,430,19.934933918921526,minmaxnorm
184,Q0,FR891109-0016,431,19.914269104724795,minmaxnorm
184,Q0,FR881206-0008,432,19.86919333320647,minmaxnorm
184,Q0,AP891221-0052,433,19.84100960166792,minmaxnorm
184,Q0,AP890521-0071,434,19.794113105333004,minmaxnorm
184,Q0,AP881128-0292,435,19.77178414057663,minmaxnorm
184,Q0,AP890512-0046,436,19.744882360586516,minmaxnorm
184,Q0,AP881025-0269,437,19.73910093889556,minmaxnorm
184,Q0,WSJ910911-0031,438,19.6738856390007,minmaxnorm
184,Q0,WSJ890821-0136,439,19.629580560706703,minmaxnorm
184,Q0,WSJ911001-0018,440,19.60310847723897,minmaxnorm
184,Q0,WSJ910514-0101,441,19.576211639509808,minmaxnorm
184,Q0,AP890418-0308,442,19.53249422340919,minmaxnorm
184,Q0,FR891013-0008,443,19.513484301818288,minmaxnorm
184,Q0,AP881017-0077,444,19.367876060029914,minmaxnorm
184,Q0,WSJ881014-0097,445,19.352399791079343,minmaxnorm
184,Q0,WSJ891025-0105,446,19.313564046546617,minmaxnorm
184,Q0,WSJ900412-0080,447,19.27067150564676,minmaxnorm
184,Q0,FR89808-0087,448,19.1843861644039,minmaxnorm
184,Q0,WSJ910521-0004,449,19.13219325044672,minmaxnorm
184,Q0,WSJ870825-0065,450,19.124413452066083,minmaxnorm
184,Q0,WSJ891024-0052,451,19.09681142664965,minmaxnorm
184,Q0,WSJ900622-0008,452,19.05833251366925,minmaxnorm
184,Q0,WSJ870605-0165,453,19.02925711313441,minmaxnorm
184,Q0,ZF108-135-702,454,19.02800930107683,minmaxnorm
184,Q0,ZF108-515-952,455,18.99317509353004,minmaxnorm
184,Q0,WSJ880623-0049,456,18.98374040800358,minmaxnorm
184,Q0,FR89703-0007,457,18.903593023014423,minmaxnorm
184,Q0,FR89808-0083,458,18.899784895565222,minmaxnorm
184,Q0,WSJ900417-0045,459,18.771320941707298,minmaxnorm
184,Q0,WSJ870515-0060,460,18.74093844885803,minmaxnorm
184,Q0,WSJ871103-0048,461,18.726252476090504,minmaxnorm
184,Q0,WSJ910731-0111,462,18.720678393595758,minmaxnorm
184,Q0,WSJ900703-0111,463,18.36352883083548,minmaxnorm
184,Q0,AP880512-0324,464,18.340796460406207,minmaxnorm
184,Q0,WSJ870121-0027,465,18.304890809702414,minmaxnorm
184,Q0,WSJ910621-0001,466,18.301498778655215,minmaxnorm
184,Q0,WSJ910617-0160,467,18.30032365588203,minmaxnorm
184,Q0,WSJ910415-0063,468,18.2826876461026,minmaxnorm
184,Q0,FR89301-0017,469,18.268619912664747,minmaxnorm
184,Q0,WSJ901221-0059,470,18.22507780570917,minmaxnorm
184,Q0,WSJ870810-0100,471,18.11445345798257,minmaxnorm
184,Q0,FR88212-0018,472,18.061065406884516,minmaxnorm
184,Q0,FR88513-0011,473,18.006947138465517,minmaxnorm
184,Q0,WSJ880826-0142,474,17.973961878390767,minmaxnorm
184,Q0,WSJ870727-0117,475,17.91942550997397,minmaxnorm
184,Q0,WSJ910801-0111,476,17.869810774142664,minmaxnorm
184,Q0,ZF108-310-732,477,17.850631353982255,minmaxnorm
184,Q0,WSJ880524-0069,478,17.83086997762846,minmaxnorm
184,Q0,WSJ870720-0099,479,17.813485157615983,minmaxnorm
184,Q0,WSJ911004-0041,480,17.734564827248185,minmaxnorm
184,Q0,WSJ920211-0042,481,17.733491954206595,minmaxnorm
184,Q0,WSJ871103-0022,482,17.71076795147525,minmaxnorm
184,Q0,FR88815-0009,483,17.696601149465263,minmaxnorm
184,Q0,AP890606-0058,484,17.69440039828735,minmaxnorm
184,Q0,WSJ890919-0089,485,17.669035339646435,minmaxnorm
184,Q0,WSJ910715-0094,486,17.663139361391153,minmaxnorm
184,Q0,WSJ900724-0121,487,17.61536025025615,minmaxnorm
184,Q0,FR89315-0121,488,17.59134761549657,minmaxnorm
184,Q0,FR881026-0087,489,17.580571749895675,minmaxnorm
184,Q0,WSJ880201-0122,490,17.560815480560017,minmaxnorm
184,Q0,WSJ900906-0044,491,17.54380433535922,minmaxnorm
184,Q0,FR88715-0101,492,17.511270432629384,minmaxnorm
184,Q0,AP880223-0261,493,17.42225548449817,minmaxnorm
184,Q0,AP880223-0142,494,17.3696569133637,minmaxnorm
184,Q0,FR88513-0123,495,17.328173559690118,minmaxnorm
184,Q0,WSJ870609-0112,496,17.292563512157724,minmaxnorm
184,Q0,ZF207-527-140,497,17.271953575282243,minmaxnorm
184,Q0,WSJ911105-0102,498,17.230734044533733,minmaxnorm
184,Q0,WSJ870102-0036,499,17.140512809275915,minmaxnorm
184,Q0,WSJ870515-0113,500,17.10708913777045,minmaxnorm
184,Q0,AP881110-0265,501,17.090567843132902,minmaxnorm
184,Q0,AP890511-0225,502,17.064771929203843,minmaxnorm
184,Q0,WSJ861216-0061,503,17.02152569557227,minmaxnorm
184,Q0,AP891212-0133,504,17.000424092427867,minmaxnorm
184,Q0,FR88720-0095,505,16.992273236626346,minmaxnorm
184,Q0,WSJ910123-0027,506,16.968083056041532,minmaxnorm
184,Q0,WSJ910325-0145,507,16.921430149120134,minmaxnorm
184,Q0,WSJ910716-0099,508,16.89295778696285,minmaxnorm
184,Q0,WSJ870324-0058,509,16.8871511512993,minmaxnorm
184,Q0,WSJ911220-0140,510,16.825877189206107,minmaxnorm
184,Q0,WSJ870320-0130,511,16.678971236827522,minmaxnorm
184,Q0,AP880830-0037,512,16.63357965740988,minmaxnorm
184,Q0,FR88122-0139,513,16.63142838278616,minmaxnorm
184,Q0,WSJ910219-0078,514,16.629377053388367,minmaxnorm
184,Q0,AP890123-0305,515,16.604229346212378,minmaxnorm
184,Q0,WSJ890921-0102,516,16.602586554314282,minmaxnorm
184,Q0,WSJ881011-0034,517,16.555364185361025,minmaxnorm
184,Q0,WSJ911218-0132,518,16.525320976990546,minmaxnorm
184,Q0,WSJ910226-0060,519,16.518790655444562,minmaxnorm
184,Q0,WSJ900420-0138,520,16.481934955279332,minmaxnorm
184,Q0,AP890506-0007,521,16.43630831636553,minmaxnorm
184,Q0,WSJ910812-0021,522,16.429120073857014,minmaxnorm
184,Q0,WSJ911030-0005,523,16.425835406492993,minmaxnorm
184,Q0,AP880331-0045,524,16.417769035688668,minmaxnorm
184,Q0,WSJ871016-0053,525,16.415028526696908,minmaxnorm
184,Q0,WSJ900416-0111,526,16.34125487109135,minmaxnorm
184,Q0,WSJ900928-0096,527,16.29895914670447,minmaxnorm
184,Q0,WSJ870515-0011,528,16.234604107811116,minmaxnorm
184,Q0,WSJ870206-0088,529,16.229446701873073,minmaxnorm
184,Q0,WSJ881102-0117,530,16.21639602895628,minmaxnorm
184,Q0,WSJ910909-0185,531,16.174180270424735,minmaxnorm
184,Q0,WSJ870415-0002,532,16.170721424308628,minmaxnorm
184,Q0,WSJ880727-0117,533,16.160937661703294,minmaxnorm
184,Q0,AP880904-0077,534,16.154127797777154,minmaxnorm
184,Q0,FR88701-0008,535,16.116505599836344,minmaxnorm
184,Q0,FR891017-0125,536,16.012463572638442,minmaxnorm
184,Q0,FR891002-0108,537,15.987645444347546,minmaxnorm
184,Q0,WSJ910805-0080,538,15.952277367890046,minmaxnorm
184,Q0,WSJ911129-0164,539,15.904387515535918,minmaxnorm
184,Q0,WSJ910125-0161,540,15.880897501181513,minmaxnorm
184,Q0,FR881014-0160,541,15.854440173711877,minmaxnorm
184,Q0,AP880506-0279,542,15.798915184263203,minmaxnorm
184,Q0,WSJ910117-0074,543,15.779161349359265,minmaxnorm
184,Q0,WSJ910103-0048,544,15.759727719660722,minmaxnorm
184,Q0,FR89404-0014,545,15.691065130155536,minmaxnorm
184,Q0,WSJ870402-0159,546,15.535216754142583,minmaxnorm
184,Q0,WSJ911121-0178,547,15.522101653450605,minmaxnorm
184,Q0,WSJ910312-0114,548,15.501979021724889,minmaxnorm
184,Q0,WSJ900712-0087,549,15.406131644865255,minmaxnorm
184,Q0,WSJ910131-0102,550,15.35863740760435,minmaxnorm
184,Q0,WSJ890731-0061,551,15.348535738567909,minmaxnorm
184,Q0,WSJ891004-0005,552,15.327445263239138,minmaxnorm
184,Q0,WSJ910416-0046,553,15.324713108243149,minmaxnorm
184,Q0,WSJ871020-0018,554,15.2890459276558,minmaxnorm
184,Q0,WSJ910621-0099,555,15.279366966860328,minmaxnorm
184,Q0,WSJ870407-0072,556,15.260284113414134,minmaxnorm
184,Q0,WSJ920117-0170,557,15.23925080042165,minmaxnorm
184,Q0,AP881102-0259,558,15.238926200908592,minmaxnorm
184,Q0,WSJ861201-0092,559,15.2234167820994,minmaxnorm
184,Q0,WSJ911125-0023,560,15.184274109727303,minmaxnorm
184,Q0,WSJ870703-0094,561,15.153234616875798,minmaxnorm
184,Q0,WSJ900531-0073,562,15.108018127741232,minmaxnorm
184,Q0,WSJ871222-0001,563,15.062953705854229,minmaxnorm
184,Q0,AP890801-0181,564,14.94065904359318,minmaxnorm
184,Q0,FR89614-0091,565,14.865087402506202,minmaxnorm
184,Q0,WSJ900914-0014,566,14.858445869182038,minmaxnorm
184,Q0,WSJ870720-0075,567,14.748442687892855,minmaxnorm
184,Q0,WSJ910925-0092,568,14.731255844550407,minmaxnorm
184,Q0,WSJ891010-0003,569,14.654391536771072,minmaxnorm
184,Q0,WSJ890920-0068,570,14.576086435609705,minmaxnorm
184,Q0,WSJ870121-0156,571,14.540567025390422,minmaxnorm
184,Q0,FR89712-0237,572,14.539449402673515,minmaxnorm
184,Q0,WSJ880620-0118,573,14.486701194142949,minmaxnorm
184,Q0,WSJ861204-0154,574,14.483243638347007,minmaxnorm
184,Q0,FR881024-0109,575,14.440613994853978,minmaxnorm
184,Q0,WSJ900712-0089,576,14.397000194982796,minmaxnorm
184,Q0,WSJ880203-0165,577,14.381773069426007,minmaxnorm
184,Q0,WSJ910605-0129,578,14.379201724265972,minmaxnorm
184,Q0,WSJ871223-0064,579,14.37521872913831,minmaxnorm
184,Q0,FR89809-0006,580,14.26773296300602,minmaxnorm
184,Q0,WSJ870421-0093,581,14.25203443589636,minmaxnorm
184,Q0,WSJ870925-0009,582,14.248455583407681,minmaxnorm
184,Q0,WSJ900928-0017,583,14.188171880229264,minmaxnorm
184,Q0,AP891025-0131,584,14.187675863174489,minmaxnorm
184,Q0,WSJ871221-0003,585,14.155212209041043,minmaxnorm
184,Q0,WSJ870928-0090,586,14.080287037279371,minmaxnorm
184,Q0,WSJ870313-0030,587,14.068493522880322,minmaxnorm
184,Q0,AP890623-0104,588,13.999245216029575,minmaxnorm
184,Q0,WSJ911118-0064,589,13.97867548101909,minmaxnorm
184,Q0,WSJ920124-0105,590,13.925633684174457,minmaxnorm
184,Q0,WSJ861203-0081,591,13.907857587767978,minmaxnorm
184,Q0,FR881024-0194,592,13.90351054591962,minmaxnorm
184,Q0,WSJ900514-0108,593,13.894789759470665,minmaxnorm
184,Q0,WSJ870401-0101,594,13.893603199208524,minmaxnorm
184,Q0,WSJ880223-0064,595,13.880476072749012,minmaxnorm
184,Q0,WSJ880425-0099,596,13.795179605214962,minmaxnorm
184,Q0,AP880824-0268,597,13.774502047608742,minmaxnorm
184,Q0,FR891031-0083,598,13.762580922009201,minmaxnorm
184,Q0,WSJ861217-0081,599,13.75682172170193,minmaxnorm
184,Q0,WSJ880126-0010,600,13.755252395577717,minmaxnorm
184,Q0,WSJ880921-0046,601,13.752891662328805,minmaxnorm
184,Q0,FR89214-0085,602,13.716760865980273,minmaxnorm
184,Q0,FR88113-0064,603,13.664248823109833,minmaxnorm
184,Q0,WSJ911211-0009,604,13.66250488248002,minmaxnorm
184,Q0,WSJ881020-0020,605,13.626479624254577,minmaxnorm
184,Q0,WSJ910301-0024,606,13.626249429411697,minmaxnorm
184,Q0,WSJ880812-0134,607,13.598230900283959,minmaxnorm
184,Q0,ZF207-135-056,608,13.585169479511855,minmaxnorm
184,Q0,AP880713-0238,609,13.529845995589957,minmaxnorm
184,Q0,FR89317-0141,610,13.508263100700404,minmaxnorm
184,Q0,WSJ881026-0001,611,13.488594808260606,minmaxnorm
184,Q0,WSJ910830-0019,612,13.47514009628538,minmaxnorm
184,Q0,WSJ870402-0084,613,13.467793451688339,minmaxnorm
184,Q0,WSJ870629-0031,614,13.452025013234552,minmaxnorm
184,Q0,WSJ900803-0008,615,13.376407960444565,minmaxnorm
184,Q0,AP891213-0018,616,13.283497457864117,minmaxnorm
184,Q0,WSJ910408-0158,617,13.26863975916194,minmaxnorm
184,Q0,WSJ890829-0020,618,13.265106840231708,minmaxnorm
184,Q0,WSJ870313-0027,619,13.19457096791929,minmaxnorm
184,Q0,WSJ891020-0016,620,13.162712206492891,minmaxnorm
184,Q0,WSJ870819-0015,621,13.136284912674585,minmaxnorm
184,Q0,WSJ870408-0084,622,13.037046759169774,minmaxnorm
184,Q0,WSJ900904-0035,623,12.998717089039713,minmaxnorm
184,Q0,WSJ911011-0110,624,12.933538180204376,minmaxnorm
184,Q0,ZF207-517-272,625,12.933198005215791,minmaxnorm
184,Q0,FR881024-0103,626,12.92495902249049,minmaxnorm
184,Q0,WSJ910828-0040,627,12.89918191690306,minmaxnorm
184,Q0,WSJ911219-0148,628,12.88499590804862,minmaxnorm
184,Q0,WSJ920212-0113,629,12.832479924653773,minmaxnorm
184,Q0,AP890421-0248,630,12.79043660459632,minmaxnorm
184,Q0,WSJ871231-0070,631,12.711615434702843,minmaxnorm
184,Q0,WSJ881026-0101,632,12.660888772674767,minmaxnorm
184,Q0,WSJ910118-0012,633,12.57664343244188,minmaxnorm
184,Q0,AP880516-0090,634,12.5636186468267,minmaxnorm
184,Q0,AP890320-0097,635,12.512415654666176,minmaxnorm
184,Q0,WSJ861201-0016,636,12.500892354113994,minmaxnorm
184,Q0,ZF108-315-114,637,12.483169004929472,minmaxnorm
184,Q0,WSJ871117-0093,638,12.475503473569479,minmaxnorm
184,Q0,WSJ880115-0028,639,12.470217542842486,minmaxnorm
184,Q0,WSJ870423-0110,640,12.469402920855702,minmaxnorm
184,Q0,WSJ911031-0041,641,12.414462876056167,minmaxnorm
184,Q0,WSJ911018-0009,642,12.40747889315643,minmaxnorm
184,Q0,WSJ910513-0070,643,12.370244242780165,minmaxnorm
184,Q0,WSJ900808-0011,644,12.365339176760385,minmaxnorm
184,Q0,WSJ870714-0091,645,12.355542973664202,minmaxnorm
184,Q0,WSJ900913-0065,646,12.331651933195026,minmaxnorm
184,Q0,ZF107-914-004,647,12.30610822674468,minmaxnorm
184,Q0,WSJ871021-0058,648,12.305671304369008,minmaxnorm
184,Q0,WSJ900725-0098,649,12.296245875353094,minmaxnorm
184,Q0,WSJ870519-0078,650,12.277524750267446,minmaxnorm
184,Q0,WSJ880104-0057,651,12.264637639357385,minmaxnorm
184,Q0,WSJ900524-0113,652,12.259283446903693,minmaxnorm
184,Q0,AP880929-0026,653,12.249950466163302,minmaxnorm
184,Q0,WSJ861222-0092,654,12.225686081570554,minmaxnorm
184,Q0,WSJ870309-0070,655,12.220375874274078,minmaxnorm
184,Q0,FR891103-0116,656,12.162267929538253,minmaxnorm
184,Q0,FR88218-0102,657,12.155391531304353,minmaxnorm
184,Q0,WSJ870617-0045,658,12.07803245251494,minmaxnorm
184,Q0,AP881219-0267,659,12.056718497564594,minmaxnorm
184,Q0,WSJ881004-0022,660,12.033620431464545,minmaxnorm
184,Q0,WSJ910103-0112,661,12.005788944717397,minmaxnorm
184,Q0,AP891129-0183,662,11.98673649562783,minmaxnorm
184,Q0,WSJ910808-0085,663,11.98581744661487,minmaxnorm
184,Q0,FR88715-0029,664,11.977213846197682,minmaxnorm
184,Q0,FR89717-0009,665,11.960712083468803,minmaxnorm
184,Q0,WSJ911101-0055,666,11.924808507138867,minmaxnorm
184,Q0,FR89725-0022,667,11.906305734400654,minmaxnorm
184,Q0,FR88929-0127,668,11.899643091399708,minmaxnorm
184,Q0,ZF207-075-342,669,11.88810527750482,minmaxnorm
184,Q0,FR89710-0013,670,11.877156917305806,minmaxnorm
184,Q0,WSJ900626-0019,671,11.84346748096236,minmaxnorm
184,Q0,WSJ890908-0083,672,11.842067164068744,minmaxnorm
184,Q0,WSJ900502-0161,673,11.835664061985089,minmaxnorm
184,Q0,FR88615-0007,674,11.828197659291094,minmaxnorm
184,Q0,FR89613-0078,675,11.826519404330007,minmaxnorm
184,Q0,WSJ870409-0121,676,11.78405499553602,minmaxnorm
184,Q0,WSJ910628-0067,677,11.776360165735987,minmaxnorm
184,Q0,WSJ871029-0099,678,11.763284074824208,minmaxnorm
184,Q0,AP881210-0044,679,11.714486477838776,minmaxnorm
184,Q0,WSJ910829-0149,680,11.705964195460265,minmaxnorm
184,Q0,ZF109-524-205,681,11.705897783257472,minmaxnorm
184,Q0,WSJ870323-0080,682,11.698815180980992,minmaxnorm
184,Q0,WSJ861224-0165,683,11.661553729286876,minmaxnorm
184,Q0,WSJ910821-0033,684,11.649696933872153,minmaxnorm
184,Q0,AP891114-0195,685,11.642962328762932,minmaxnorm
184,Q0,WSJ870227-0009,686,11.620992818500888,minmaxnorm
184,Q0,AP890210-0245,687,11.60337888308648,minmaxnorm
184,Q0,AP880708-0231,688,11.57361548725753,minmaxnorm
184,Q0,AP881008-0106,689,11.571396049026156,minmaxnorm
184,Q0,WSJ880825-0052,690,11.546973862564439,minmaxnorm
184,Q0,WSJ920123-0054,691,11.515192752902486,minmaxnorm
184,Q0,WSJ870204-0010,692,11.499695837487485,minmaxnorm
184,Q0,AP890208-0089,693,11.457893999246984,minmaxnorm
184,Q0,WSJ910725-0169,694,11.427954021952651,minmaxnorm
184,Q0,ZF207-268-543,695,11.423397560810571,minmaxnorm
184,Q0,WSJ901224-0031,696,11.380951573847062,minmaxnorm
184,Q0,FR88929-0029,697,11.333382583453128,minmaxnorm
184,Q0,FR88915-0009,698,11.32772498538857,minmaxnorm
184,Q0,WSJ871002-0192,699,11.32715688979893,minmaxnorm
184,Q0,FR88722-0010,700,11.321326007378705,minmaxnorm
184,Q0,WSJ900406-0050,701,11.321054770938822,minmaxnorm
184,Q0,WSJ890803-0137,702,11.248178883525997,minmaxnorm
184,Q0,WSJ920218-0003,703,11.206814084977532,minmaxnorm
184,Q0,WSJ890926-0099,704,11.173825591840238,minmaxnorm
184,Q0,AP891004-0249,705,11.173461300063106,minmaxnorm
184,Q0,WSJ910104-0040,706,11.058501365362968,minmaxnorm
184,Q0,FR88115-0010,707,11.057966948804511,minmaxnorm
184,Q0,WSJ910326-0035,708,11.057774753792296,minmaxnorm
184,Q0,AP890803-0021,709,11.052463234054187,minmaxnorm
184,Q0,AP881014-0050,710,11.050280695468718,minmaxnorm
184,Q0,WSJ870813-0032,711,11.026848039299814,minmaxnorm
184,Q0,FR881018-0099,712,10.919292501728622,minmaxnorm
184,Q0,WSJ911113-0054,713,10.919076110118313,minmaxnorm
184,Q0,AP880523-0089,714,10.910924336569154,minmaxnorm
184,Q0,FR891018-0070,715,10.878888761492712,minmaxnorm
184,Q0,WSJ920106-0025,716,10.877359647493584,minmaxnorm
184,Q0,WSJ881108-0163,717,10.873925766522284,minmaxnorm
184,Q0,FR89131-0157,718,10.869717045601934,minmaxnorm
184,Q0,WSJ870317-0135,719,10.863908879730111,minmaxnorm
184,Q0,WSJ911217-0061,720,10.825541404210798,minmaxnorm
184,Q0,AP880802-0272,721,10.77354753633408,minmaxnorm
184,Q0,FR89426-0075,722,10.755222003587122,minmaxnorm
184,Q0,WSJ900719-0093,723,10.644951805145624,minmaxnorm
184,Q0,FR89515-0005,724,10.601268960803523,minmaxnorm
184,Q0,WSJ911203-0147,725,10.600453719112283,minmaxnorm
184,Q0,WSJ880620-0005,726,10.543757628997163,minmaxnorm
184,Q0,AP891116-0214,727,10.538704316401015,minmaxnorm
184,Q0,WSJ920212-0058,728,10.517601773161305,minmaxnorm
184,Q0,WSJ910809-0119,729,10.49803675572441,minmaxnorm
184,Q0,WSJ880513-0087,730,10.4822290315477,minmaxnorm
184,Q0,WSJ910404-0079,731,10.464753195975417,minmaxnorm
184,Q0,FR881014-0159,732,10.457262257900592,minmaxnorm
184,Q0,FR89414-0004,733,10.433201153296999,minmaxnorm
184,Q0,FR89215-0022,734,10.425666212705746,minmaxnorm
184,Q0,WSJ870916-0063,735,10.422042729189894,minmaxnorm
184,Q0,WSJ910815-0109,736,10.416559687225,minmaxnorm
184,Q0,WSJ880204-0079,737,10.391263001309017,minmaxnorm
184,Q0,WSJ881117-0054,738,10.375115424152426,minmaxnorm
184,Q0,FR89315-0013,739,10.350190167786923,minmaxnorm
184,Q0,FR89113-0025,740,10.349813773517818,minmaxnorm
184,Q0,WSJ910916-0035,741,10.319984562721663,minmaxnorm
184,Q0,AP890621-0249,742,10.317839726089806,minmaxnorm
184,Q0,WSJ880823-0104,743,10.311374720618483,minmaxnorm
184,Q0,FR89615-0009,744,10.292872781647432,minmaxnorm
184,Q0,WSJ900918-0150,745,10.287810068242004,minmaxnorm
184,Q0,FR89105-0011,746,10.279787836114291,minmaxnorm
184,Q0,WSJ870814-0074,747,10.27092846918945,minmaxnorm
184,Q0,WSJ920227-0143,748,10.269584355134288,minmaxnorm
184,Q0,WSJ870220-0040,749,10.248081327203469,minmaxnorm
184,Q0,ZF108-345-640,750,10.221044032546507,minmaxnorm
184,Q0,WSJ870331-0117,751,10.179086848861068,minmaxnorm
184,Q0,FR89224-0121,752,10.144270641751625,minmaxnorm
184,Q0,WSJ870312-0022,753,10.142697751573236,minmaxnorm
184,Q0,AP880703-0020,754,10.138060795467418,minmaxnorm
184,Q0,WSJ880819-0072,755,10.137788573466121,minmaxnorm
184,Q0,WSJ911213-0013,756,10.121501458833595,minmaxnorm
184,Q0,WSJ880301-0148,757,10.082773122878066,minmaxnorm
184,Q0,FR89725-0095,758,10.061776366103228,minmaxnorm
184,Q0,WSJ900713-0092,759,10.051584932534734,minmaxnorm
184,Q0,WSJ911213-0123,760,10.029243682909293,minmaxnorm
184,Q0,WSJ911001-0106,761,10.019799629898111,minmaxnorm
184,Q0,FR89301-0016,762,9.965101707488484,minmaxnorm
184,Q0,WSJ900518-0101,763,9.956952040820129,minmaxnorm
184,Q0,FR88815-0010,764,9.937181686706095,minmaxnorm
184,Q0,FR89301-0112,765,9.933235894929833,minmaxnorm
184,Q0,AP891031-0227,766,9.859008829340894,minmaxnorm
184,Q0,WSJ911217-0049,767,9.857840233054743,minmaxnorm
184,Q0,FR88212-0019,768,9.85579942163357,minmaxnorm
184,Q0,WSJ920131-0166,769,9.851792818941322,minmaxnorm
184,Q0,FR89808-0086,770,9.831390112889478,minmaxnorm
184,Q0,AP890602-0116,771,9.82357396614947,minmaxnorm
184,Q0,WSJ911018-0126,772,9.818363970862576,minmaxnorm
184,Q0,WSJ910118-0123,773,9.813591513260441,minmaxnorm
184,Q0,WSJ920219-0048,774,9.807836655524014,minmaxnorm
184,Q0,WSJ900827-0111,775,9.76733484188365,minmaxnorm
184,Q0,FR88926-0047,776,9.766207550370396,minmaxnorm
184,Q0,AP881027-0024,777,9.761228687485533,minmaxnorm
184,Q0,WSJ900831-0117,778,9.75921517786985,minmaxnorm
184,Q0,FR881024-0152,779,9.753737988967186,minmaxnorm
184,Q0,WSJ910517-0086,780,9.66431965004307,minmaxnorm
184,Q0,WSJ870102-0013,781,9.65524741007829,minmaxnorm
184,Q0,AP881209-0252,782,9.649746402816314,minmaxnorm
184,Q0,WSJ861222-0151,783,9.645254488955601,minmaxnorm
184,Q0,FR89720-0022,784,9.64429483929155,minmaxnorm
184,Q0,WSJ920204-0089,785,9.631845120794502,minmaxnorm
184,Q0,WSJ920214-0010,786,9.606924255286753,minmaxnorm
184,Q0,FR881018-0135,787,9.600380628921364,minmaxnorm
184,Q0,WSJ870123-0088,788,9.585291664062133,minmaxnorm
184,Q0,WSJ870317-0083,789,9.569356739597602,minmaxnorm
184,Q0,WSJ880921-0002,790,9.552994082925226,minmaxnorm
184,Q0,WSJ881108-0114,791,9.528563747021977,minmaxnorm
184,Q0,ZF108-490-372,792,9.50602444186039,minmaxnorm
184,Q0,AP890801-0030,793,9.502319853213354,minmaxnorm
184,Q0,WSJ870821-0036,794,9.494075513738196,minmaxnorm
184,Q0,AP880627-0154,795,9.461436762124045,minmaxnorm
184,Q0,WSJ880822-0135,796,9.453322440820662,minmaxnorm
184,Q0,AP890802-0133,797,9.452972207243128,minmaxnorm
184,Q0,WSJ910725-0078,798,9.433377231522575,minmaxnorm
184,Q0,FR89404-0093,799,9.40899360514534,minmaxnorm
184,Q0,FR88218-0101,800,9.396800529550298,minmaxnorm
184,Q0,FR89315-0015,801,9.388687206600547,minmaxnorm
184,Q0,AP881013-0315,802,9.38093543725789,minmaxnorm
184,Q0,AP891206-0014,803,9.365140247685497,minmaxnorm
184,Q0,AP890221-0290,804,9.361726917976458,minmaxnorm
184,Q0,ZF109-577-631,805,9.341551152246616,minmaxnorm
184,Q0,FR881014-0078,806,9.326199660539706,minmaxnorm
184,Q0,WSJ870731-0114,807,9.30919197055309,minmaxnorm
184,Q0,WSJ910129-0124,808,9.248992921270611,minmaxnorm
184,Q0,WSJ910207-0077,809,9.247969945969546,minmaxnorm
184,Q0,FR89515-0007,810,9.218203460026041,minmaxnorm
184,Q0,AP881204-0052,811,9.18543735017932,minmaxnorm
184,Q0,WSJ911220-0073,812,9.17536196642185,minmaxnorm
184,Q0,WSJ870916-0002,813,9.167192208552102,minmaxnorm
184,Q0,WSJ911024-0007,814,9.165486515573907,minmaxnorm
184,Q0,WSJ880630-0192,815,9.151347839913004,minmaxnorm
184,Q0,WSJ910606-0029,816,9.14837339820599,minmaxnorm
184,Q0,WSJ911015-0039,817,9.146021125043479,minmaxnorm
184,Q0,FR88122-0032,818,9.135118544385422,minmaxnorm
184,Q0,WSJ900627-0071,819,9.11502943304654,minmaxnorm
184,Q0,WSJ910430-0104,820,9.108604140945257,minmaxnorm
184,Q0,WSJ910806-0128,821,9.10779110666863,minmaxnorm
184,Q0,WSJ861218-0049,822,9.096178975994267,minmaxnorm
184,Q0,WSJ880104-0073,823,9.061781468720701,minmaxnorm
184,Q0,WSJ910709-0031,824,9.061001630834399,minmaxnorm
184,Q0,WSJ920221-0080,825,9.051871180714064,minmaxnorm
184,Q0,FR88607-0086,826,9.047263976070324,minmaxnorm
184,Q0,FR88216-0218,827,9.015615040700965,minmaxnorm
184,Q0,FR881024-0095,828,9.01379274561746,minmaxnorm
184,Q0,FR89414-0005,829,9.013383848838425,minmaxnorm
184,Q0,WSJ880205-0077,830,8.999582830317426,minmaxnorm
184,Q0,FR89315-0120,831,8.974820357369527,minmaxnorm
184,Q0,AP890626-0248,832,8.934399470321381,minmaxnorm
184,Q0,AP880530-0089,833,8.934087701275972,minmaxnorm
184,Q0,FR89215-0023,834,8.931151980724033,minmaxnorm
184,Q0,FR88513-0012,835,8.92168817436975,minmaxnorm
184,Q0,FR89113-0026,836,8.91163938671171,minmaxnorm
184,Q0,WSJ920102-0021,837,8.89612843767144,minmaxnorm
184,Q0,WSJ910425-0001,838,8.893905985281062,minmaxnorm
184,Q0,WSJ910625-0077,839,8.890613682671075,minmaxnorm
184,Q0,FR88514-0001,840,8.861396373448073,minmaxnorm
184,Q0,FR88131-0057,841,8.849021932905071,minmaxnorm
184,Q0,AP880908-0036,842,8.821072093891896,minmaxnorm
184,Q0,WSJ870921-0004,843,8.813287340053618,minmaxnorm
184,Q0,FR89206-0023,844,8.797247239163514,minmaxnorm
184,Q0,FR89817-0111,845,8.77738449580294,minmaxnorm
184,Q0,WSJ900918-0112,846,8.740729154010765,minmaxnorm
184,Q0,WSJ881028-0057,847,8.724511540835818,minmaxnorm
184,Q0,WSJ911023-0035,848,8.672290033191246,minmaxnorm
184,Q0,FR89108-0081,849,8.641850803426777,minmaxnorm
184,Q0,FR89427-0015,850,8.62675207324706,minmaxnorm
184,Q0,ZF108-621-326,851,8.615470066535266,minmaxnorm
184,Q0,ZF207-081-994,852,8.600654166993356,minmaxnorm
184,Q0,ZF109-820-511,853,8.599171540931088,minmaxnorm
184,Q0,FR881014-0016,854,8.598317943164764,minmaxnorm
184,Q0,FR891013-0009,855,8.590381904490943,minmaxnorm
184,Q0,WSJ910930-0101,856,8.581269917688074,minmaxnorm
184,Q0,FR891016-0009,857,8.560281872257857,minmaxnorm
184,Q0,FR89213-0020,858,8.554024421576205,minmaxnorm
184,Q0,WSJ910827-0130,859,8.547867047718242,minmaxnorm
184,Q0,FR89815-0013,860,8.546111795304114,minmaxnorm
184,Q0,WSJ890825-0001,861,8.518392999854331,minmaxnorm
184,Q0,FR88916-0115,862,8.503746641328966,minmaxnorm
184,Q0,WSJ870306-0011,863,8.50108905987369,minmaxnorm
184,Q0,FR88812-0088,864,8.497317676072152,minmaxnorm
184,Q0,FR89615-0010,865,8.491763376584828,minmaxnorm
184,Q0,FR88808-0015,866,8.48738100128736,minmaxnorm
184,Q0,AP890313-0083,867,8.475911378441982,minmaxnorm
184,Q0,WSJ910624-0137,868,8.459982182677972,minmaxnorm
184,Q0,WSJ880222-0072,869,8.454256798667611,minmaxnorm
184,Q0,WSJ910717-0073,870,8.45232324293657,minmaxnorm
184,Q0,AP890420-0264,871,8.427467000543382,minmaxnorm
184,Q0,WSJ910626-0009,872,8.426339879858999,minmaxnorm
184,Q0,WSJ871022-0131,873,8.41917574574228,minmaxnorm
184,Q0,WSJ910903-0164,874,8.417849270190041,minmaxnorm
184,Q0,WSJ870129-0015,875,8.407001882640072,minmaxnorm
184,Q0,WSJ910701-0205,876,8.393556821404886,minmaxnorm
184,Q0,AP880530-0177,877,8.377637140344708,minmaxnorm
184,Q0,WSJ880428-0002,878,8.368786857365725,minmaxnorm
184,Q0,AP880623-0247,879,8.347646151163572,minmaxnorm
184,Q0,WSJ880829-0135,880,8.307661915979937,minmaxnorm
184,Q0,WSJ910920-0072,881,8.291063711837847,minmaxnorm
184,Q0,WSJ880408-0084,882,8.28973768190819,minmaxnorm
184,Q0,WSJ910522-0002,883,8.288988112217341,minmaxnorm
184,Q0,WSJ871216-0063,884,8.273673315191667,minmaxnorm
184,Q0,WSJ900619-0018,885,8.254801183677728,minmaxnorm
184,Q0,WSJ910712-0056,886,8.237238271497617,minmaxnorm
184,Q0,FR89920-0114,887,8.23079544578062,minmaxnorm
184,Q0,WSJ910513-0126,888,8.21022089685066,minmaxnorm
184,Q0,FR881014-0314,889,8.181873468695215,minmaxnorm
184,Q0,WSJ870114-0069,890,8.169925972082243,minmaxnorm
184,Q0,FR89420-0117,891,8.159929490147608,minmaxnorm
184,Q0,WSJ910729-0125,892,8.15904925291862,minmaxnorm
184,Q0,AP890127-0242,893,8.155834605291698,minmaxnorm
184,Q0,WSJ880119-0056,894,8.148304796584014,minmaxnorm
184,Q0,AP890207-0216,895,8.122880854992449,minmaxnorm
184,Q0,FR89419-0036,896,8.119498479395716,minmaxnorm
184,Q0,WSJ911213-0009,897,8.118555224465771,minmaxnorm
184,Q0,AP890124-0246,898,8.116235337924238,minmaxnorm
184,Q0,WSJ880531-0178,899,8.10055700051717,minmaxnorm
184,Q0,ZF207-176-636,900,8.080643595945414,minmaxnorm
184,Q0,WSJ870318-0187,901,8.039823528215459,minmaxnorm
184,Q0,AP890124-0115,902,8.032911684953028,minmaxnorm
184,Q0,WSJ910917-0016,903,8.025812424133159,minmaxnorm
184,Q0,WSJ920131-0128,904,8.021570794532046,minmaxnorm
184,Q0,WSJ870109-0135,905,8.021289407821717,minmaxnorm
184,Q0,FR89714-0003,906,8.00558771660883,minmaxnorm
184,Q0,FR89301-0114,907,7.997423554082118,minmaxnorm
184,Q0,WSJ871211-0038,908,7.968355896374342,minmaxnorm
184,Q0,ZF108-101-272,909,7.965821158261372,minmaxnorm
184,Q0,FR89619-0070,910,7.959421319991223,minmaxnorm
184,Q0,WSJ880526-0083,911,7.955718078539327,minmaxnorm
184,Q0,ZF109-661-951,912,7.954027464530364,minmaxnorm
184,Q0,FR881130-0014,913,7.952950990663215,minmaxnorm
184,Q0,AP890227-0290,914,7.938936388843097,minmaxnorm
184,Q0,FR881014-0156,915,7.933748578368474,minmaxnorm
184,Q0,FR88503-0082,916,7.904151362475735,minmaxnorm
184,Q0,WSJ910411-0002,917,7.901363848154525,minmaxnorm
184,Q0,AP880905-0052,918,7.861327111284693,minmaxnorm
184,Q0,FR89802-0019,919,7.859417672378175,minmaxnorm
184,Q0,AP891003-0155,920,7.85162251046091,minmaxnorm
184,Q0,FR88928-0115,921,7.84841285262284,minmaxnorm
184,Q0,WSJ880727-0010,922,7.835762915054729,minmaxnorm
184,Q0,AP890120-0197,923,7.8301529586684895,minmaxnorm
184,Q0,FR88513-0128,924,7.821884695784936,minmaxnorm
184,Q0,FR891013-0117,925,7.80088420022186,minmaxnorm
184,Q0,WSJ870918-0002,926,7.79846816714373,minmaxnorm
184,Q0,WSJ900727-0096,927,7.776049621915957,minmaxnorm
184,Q0,WSJ911219-0066,928,7.775064935018892,minmaxnorm
184,Q0,WSJ861224-0191,929,7.7721149581872035,minmaxnorm
184,Q0,WSJ871113-0135,930,7.749615236200544,minmaxnorm
184,Q0,AP881230-0030,931,7.746517688883863,minmaxnorm
184,Q0,WSJ880516-0002,932,7.730755801228805,minmaxnorm
184,Q0,FR89420-0159,933,7.714391925803737,minmaxnorm
184,Q0,FR881014-0161,934,7.710617813917745,minmaxnorm
184,Q0,WSJ870820-0144,935,7.699419309712904,minmaxnorm
184,Q0,WSJ880526-0119,936,7.696833353225911,minmaxnorm
184,Q0,WSJ871030-0028,937,7.690790475179868,minmaxnorm
184,Q0,WSJ920311-0068,938,7.6827003020799065,minmaxnorm
184,Q0,AP880427-0015,939,7.68142068114219,minmaxnorm
184,Q0,WSJ911218-0103,940,7.646920443367634,minmaxnorm
184,Q0,FR88829-0111,941,7.645952344802349,minmaxnorm
184,Q0,FR88729-0101,942,7.643610999545687,minmaxnorm
184,Q0,WSJ870618-0156,943,7.633983646365635,minmaxnorm
184,Q0,WSJ881116-0138,944,7.6130215192957955,minmaxnorm
184,Q0,WSJ910628-0008,945,7.587144212098421,minmaxnorm
184,Q0,WSJ900808-0052,946,7.581838392486626,minmaxnorm
184,Q0,WSJ870114-0004,947,7.555809716649804,minmaxnorm
184,Q0,FR88830-0111,948,7.553635609334161,minmaxnorm
184,Q0,ZF207-509-654,949,7.553333515101482,minmaxnorm
184,Q0,FR891026-0128,950,7.5377109260825685,minmaxnorm
184,Q0,WSJ900926-0113,951,7.5370023575850436,minmaxnorm
184,Q0,WSJ871022-0027,952,7.529570210517039,minmaxnorm
184,Q0,WSJ900523-0007,953,7.504262274119732,minmaxnorm
184,Q0,WSJ910723-0122,954,7.501425453158717,minmaxnorm
184,Q0,WSJ910606-0055,955,7.484990289560346,minmaxnorm
184,Q0,AP890504-0263,956,7.47463729994601,minmaxnorm
184,Q0,AP890504-0200,957,7.456301281614475,minmaxnorm
184,Q0,ZF108-448-936,958,7.423400540817461,minmaxnorm
184,Q0,WSJ920120-0153,959,7.418038696413585,minmaxnorm
184,Q0,WSJ870213-0071,960,7.410680436713428,minmaxnorm
184,Q0,WSJ870515-0121,961,7.3783193697625284,minmaxnorm
184,Q0,AP881221-0015,962,7.368749004191267,minmaxnorm
184,Q0,FR88517-0033,963,7.3687434739408655,minmaxnorm
184,Q0,WSJ880920-0083,964,7.3575796125917705,minmaxnorm
184,Q0,WSJ870115-0154,965,7.352864979171037,minmaxnorm
184,Q0,WSJ870320-0193,966,7.352214558319276,minmaxnorm
184,Q0,WSJ880323-0127,967,7.340999027848172,minmaxnorm
184,Q0,WSJ880809-0043,968,7.33899598491327,minmaxnorm
184,Q0,WSJ910710-0030,969,7.327878002942593,minmaxnorm
184,Q0,WSJ880722-0094,970,7.324902103430571,minmaxnorm
184,Q0,WSJ880817-0117,971,7.323293063522119,minmaxnorm
184,Q0,DOE2-44-0942,972,7.320737049010048,minmaxnorm
184,Q0,FR89426-0074,973,7.3105509071748,minmaxnorm
184,Q0,AP880812-0254,974,7.281520637840377,minmaxnorm
184,Q0,FR891013-0125,975,7.270615792025607,minmaxnorm
184,Q0,WSJ900726-0060,976,7.243976669412893,minmaxnorm
184,Q0,FR88929-0015,977,7.236310723321758,minmaxnorm
184,Q0,WSJ890918-0085,978,7.21324141151092,minmaxnorm
184,Q0,WSJ880713-0060,979,7.2128106018503555,minmaxnorm
184,Q0,WSJ890810-0091,980,7.2097458927788685,minmaxnorm
184,Q0,AP891130-0266,981,7.2060435791715,minmaxnorm
184,Q0,AP890507-0100,982,7.1951279819945535,minmaxnorm
184,Q0,WSJ870310-0083,983,7.185756266067896,minmaxnorm
184,Q0,FR89804-0117,984,7.17999806716687,minmaxnorm
184,Q0,WSJ870212-0021,985,7.159696818322361,minmaxnorm
184,Q0,WSJ870831-0136,986,7.157210252386117,minmaxnorm
184,Q0,ZF108-067-728,987,7.147490511818295,minmaxnorm
184,Q0,WSJ900522-0144,988,7.144751346674906,minmaxnorm
184,Q0,ZF207-320-541,989,7.136039655369455,minmaxnorm
184,Q0,WSJ900508-0077,990,7.123365041836315,minmaxnorm
184,Q0,WSJ910412-0049,991,7.1047850996935775,minmaxnorm
184,Q0,WSJ910206-0016,992,7.091511428317444,minmaxnorm
184,Q0,WSJ900515-0084,993,7.086026722200387,minmaxnorm
184,Q0,WSJ911106-0094,994,7.080774379989047,minmaxnorm
184,Q0,AP881229-0020,995,7.078717906522618,minmaxnorm
184,Q0,WSJ880606-0019,996,7.069335413634899,minmaxnorm
184,Q0,ZF207-895-172,997,7.0475620755396715,minmaxnorm
184,Q0,WSJ880118-0028,998,7.041759119952205,minmaxnorm
184,Q0,WSJ910313-0110,999,6.992715066684307,minmaxnorm
184,Q0,AP890127-0042,1000,6.967257231113499,minmaxnorm
185,Q0,WSJ881005-0084,1,126.0959154183507,minmaxnorm
185,Q0,WSJ871217-0076,2,120.28514729671933,minmaxnorm
185,Q0,WSJ871215-0109,3,118.01514209217805,minmaxnorm
185,Q0,WSJ870227-0149,4,115.52797758296761,minmaxnorm
185,Q0,AP880929-0181,5,115.20965561747256,minmaxnorm
185,Q0,AP880613-0182,6,114.04694123405724,minmaxnorm
185,Q0,WSJ861215-0119,7,113.94640307225086,minmaxnorm
185,Q0,AP880420-0121,8,110.78588567101191,minmaxnorm
185,Q0,AP880928-0024,9,106.89661074636176,minmaxnorm
185,Q0,WSJ870403-0049,10,106.4257157948169,minmaxnorm
185,Q0,WSJ870402-0141,11,106.01920254632111,minmaxnorm
185,Q0,AP881001-0005,12,105.81856860503616,minmaxnorm
185,Q0,AP881014-0025,13,105.65428179044378,minmaxnorm
185,Q0,WSJ880705-0068,14,105.05740538761165,minmaxnorm
185,Q0,AP880614-0057,15,104.52621830764633,minmaxnorm
185,Q0,AP880610-0205,16,103.96747318431443,minmaxnorm
185,Q0,WSJ870415-0137,17,103.6410631149414,minmaxnorm
185,Q0,WSJ880729-0031,18,103.53359192877419,minmaxnorm
185,Q0,WSJ870611-0090,19,103.40060070317725,minmaxnorm
185,Q0,WSJ870722-0118,20,101.41278524292812,minmaxnorm
185,Q0,AP880903-0092,21,101.13256156457557,minmaxnorm
185,Q0,AP880903-0103,22,100.78489581381412,minmaxnorm
185,Q0,WSJ861202-0042,23,99.92926736408414,minmaxnorm
185,Q0,AP880616-0197,24,99.15722290197603,minmaxnorm
185,Q0,AP880421-0008,25,99.02318975251765,minmaxnorm
185,Q0,WSJ870225-0081,26,98.11972851742011,minmaxnorm
185,Q0,WSJ881019-0154,27,97.92630181842249,minmaxnorm
185,Q0,WSJ910501-0069,28,97.69830142734091,minmaxnorm
185,Q0,WSJ880421-0128,29,96.97621648130686,minmaxnorm
185,Q0,WSJ880628-0141,30,96.01168857468798,minmaxnorm
185,Q0,WSJ870318-0059,31,93.40031213646817,minmaxnorm
185,Q0,AP880617-0128,32,93.35307669105738,minmaxnorm
185,Q0,WSJ881013-0146,33,92.63520415663497,minmaxnorm
185,Q0,AP881014-0029,34,92.0344398233416,minmaxnorm
185,Q0,WSJ870319-0086,35,91.22009146448613,minmaxnorm
185,Q0,AP880218-0098,36,91.05587588986947,minmaxnorm
185,Q0,AP891115-0221,37,90.54225540631053,minmaxnorm
185,Q0,AP890511-0156,38,90.32799132257317,minmaxnorm
185,Q0,AP880617-0048,39,89.56360320970343,minmaxnorm
185,Q0,WSJ880927-0063,40,88.74187780974856,minmaxnorm
185,Q0,AP890418-0326,41,88.6253344178624,minmaxnorm
185,Q0,WSJ880928-0113,42,88.24626180634417,minmaxnorm
185,Q0,WSJ871214-0076,43,87.35884773507173,minmaxnorm
185,Q0,WSJ920225-0104,44,84.1224136836758,minmaxnorm
185,Q0,WSJ870123-0101,45,83.96546824985963,minmaxnorm
185,Q0,WSJ870202-0022,46,83.83334860110834,minmaxnorm
185,Q0,AP880927-0012,47,83.7707730803296,minmaxnorm
185,Q0,WSJ880930-0062,48,83.44368723381035,minmaxnorm
185,Q0,AP891013-0059,49,82.89878929912199,minmaxnorm
185,Q0,WSJ880922-0104,50,82.62093591578595,minmaxnorm
185,Q0,WSJ871116-0124,51,82.24867547526466,minmaxnorm
185,Q0,AP880903-0100,52,81.98260684432151,minmaxnorm
185,Q0,AP880621-0144,53,80.19114879913535,minmaxnorm
185,Q0,AP881022-0095,54,79.7793776172189,minmaxnorm
185,Q0,AP880930-0143,55,79.15486389565243,minmaxnorm
185,Q0,WSJ880617-0067,56,79.07965958127544,minmaxnorm
185,Q0,WSJ870119-0043,57,78.14915685778222,minmaxnorm
185,Q0,AP880502-0004,58,77.53802756100082,minmaxnorm
185,Q0,AP880814-0045,59,76.85973935085218,minmaxnorm
185,Q0,WSJ870410-0022,60,75.20031424213842,minmaxnorm
185,Q0,AP880903-0084,61,74.69573186978701,minmaxnorm
185,Q0,AP880622-0236,62,74.45680397517144,minmaxnorm
185,Q0,WSJ910712-0006,63,74.13713425684224,minmaxnorm
185,Q0,AP880907-0012,64,70.41187407274278,minmaxnorm
185,Q0,WSJ870119-0092,65,70.23469642263164,minmaxnorm
185,Q0,AP880226-0220,66,68.8039412820686,minmaxnorm
185,Q0,WSJ870205-0156,67,68.1239253532531,minmaxnorm
185,Q0,WSJ911030-0168,68,67.57232469558733,minmaxnorm
185,Q0,AP880423-0081,69,67.56574610850542,minmaxnorm
185,Q0,AP890630-0108,70,67.16869104908322,minmaxnorm
185,Q0,AP881014-0022,71,66.71910824887543,minmaxnorm
185,Q0,WSJ910612-0115,72,66.01207177844904,minmaxnorm
185,Q0,WSJ911211-0067,73,65.36523254101635,minmaxnorm
185,Q0,AP880615-0037,74,65.29583111317942,minmaxnorm
185,Q0,AP881013-0202,75,64.9651696036615,minmaxnorm
185,Q0,AP880925-0020,76,64.43930831286379,minmaxnorm
185,Q0,AP880501-0080,77,63.14289898451456,minmaxnorm
185,Q0,AP880222-0170,78,62.66374109818816,minmaxnorm
185,Q0,AP881019-0097,79,61.801842962504864,minmaxnorm
185,Q0,WSJ881010-0135,80,61.792685212707184,minmaxnorm
185,Q0,AP880412-0086,81,61.406391596303365,minmaxnorm
185,Q0,AP880617-0152,82,60.62430992323337,minmaxnorm
185,Q0,WSJ870220-0161,83,60.43153718594047,minmaxnorm
185,Q0,WSJ870128-0106,84,60.25594881747084,minmaxnorm
185,Q0,WSJ920129-0003,85,60.24860524529366,minmaxnorm
185,Q0,WSJ880812-0145,86,59.96420703873254,minmaxnorm
185,Q0,WSJ890807-0091,87,59.924100350260105,minmaxnorm
185,Q0,WSJ881003-0010,88,59.018717612006576,minmaxnorm
185,Q0,AP880614-0106,89,58.206890342467474,minmaxnorm
185,Q0,WSJ870929-0090,90,57.708601966954284,minmaxnorm
185,Q0,AP880427-0193,91,57.55175136041979,minmaxnorm
185,Q0,WSJ870902-0134,92,57.312047585861144,minmaxnorm
185,Q0,WSJ871116-0145,93,56.718803824461496,minmaxnorm
185,Q0,WSJ880920-0022,94,56.613600565064075,minmaxnorm
185,Q0,WSJ870220-0087,95,56.43195402893095,minmaxnorm
185,Q0,WSJ911120-0083,96,55.65008934084275,minmaxnorm
185,Q0,AP890218-0019,97,54.84244280417802,minmaxnorm
185,Q0,WSJ880831-0113,98,54.59647482073675,minmaxnorm
185,Q0,AP890711-0157,99,54.487701195017074,minmaxnorm
185,Q0,WSJ910724-0080,100,54.098583944225204,minmaxnorm
185,Q0,AP881013-0261,101,53.788318040395275,minmaxnorm
185,Q0,AP880611-0176,102,53.50706406158348,minmaxnorm
185,Q0,WSJ920110-0004,103,53.17269727846714,minmaxnorm
185,Q0,WSJ880620-0094,104,52.512980617260034,minmaxnorm
185,Q0,AP880903-0073,105,52.34771028672056,minmaxnorm
185,Q0,WSJ880114-0090,106,52.340845970216144,minmaxnorm
185,Q0,WSJ910426-0154,107,52.129620380297645,minmaxnorm
185,Q0,WSJ870323-0097,108,51.550685104083634,minmaxnorm
185,Q0,AP890308-0007,109,51.390195115045245,minmaxnorm
185,Q0,WSJ900518-0093,110,51.27817663036031,minmaxnorm
185,Q0,AP880221-0001,111,50.82195211297437,minmaxnorm
185,Q0,WSJ861218-0168,112,50.62440008475974,minmaxnorm
185,Q0,AP880903-0101,113,50.403709187392195,minmaxnorm
185,Q0,AP881005-0122,114,50.11394023072035,minmaxnorm
185,Q0,WSJ861217-0086,115,49.58838231937511,minmaxnorm
185,Q0,WSJ910410-0142,116,49.57047258232841,minmaxnorm
185,Q0,AP880927-0222,117,49.16221965950503,minmaxnorm
185,Q0,AP880219-0031,118,48.86111417965857,minmaxnorm
185,Q0,WSJ890911-0068,119,48.844885587792234,minmaxnorm
185,Q0,WSJ870108-0080,120,48.73377991764775,minmaxnorm
185,Q0,AP880218-0137,121,48.719944376496585,minmaxnorm
185,Q0,AP881001-0105,122,47.54258211856483,minmaxnorm
185,Q0,AP880803-0238,123,47.30478467703978,minmaxnorm
185,Q0,AP880809-0017,124,47.121110291305456,minmaxnorm
185,Q0,WSJ910327-0114,125,46.376380586357556,minmaxnorm
185,Q0,AP880223-0154,126,46.27130678623755,minmaxnorm
185,Q0,AP890223-0218,127,45.5872173378481,minmaxnorm
185,Q0,AP890518-0146,128,45.25257470830477,minmaxnorm
185,Q0,WSJ920130-0129,129,45.15247506082131,minmaxnorm
185,Q0,AP890430-0016,130,44.118840282741786,minmaxnorm
185,Q0,AP880415-0241,131,44.01259373094798,minmaxnorm
185,Q0,WSJ920128-0135,132,43.74222568034046,minmaxnorm
185,Q0,AP880303-0304,133,43.291777154299474,minmaxnorm
185,Q0,AP881203-0038,134,43.227973278848296,minmaxnorm
185,Q0,AP891219-0099,135,43.01321590595116,minmaxnorm
185,Q0,AP880531-0005,136,42.96055262974886,minmaxnorm
185,Q0,WSJ881018-0072,137,42.9211962838677,minmaxnorm
185,Q0,AP880926-0002,138,42.31759383441369,minmaxnorm
185,Q0,AP880810-0233,139,42.09264089873307,minmaxnorm
185,Q0,AP880622-0261,140,41.541007269833464,minmaxnorm
185,Q0,WSJ880623-0059,141,41.538336559933995,minmaxnorm
185,Q0,WSJ910808-0068,142,41.53723880993065,minmaxnorm
185,Q0,WSJ861215-0037,143,40.555563107286986,minmaxnorm
185,Q0,WSJ870202-0008,144,40.38922648848755,minmaxnorm
185,Q0,AP880421-0245,145,40.221075049837765,minmaxnorm
185,Q0,AP880501-0053,146,40.10873476815546,minmaxnorm
185,Q0,WSJ870128-0006,147,40.09839743598171,minmaxnorm
185,Q0,AP881014-0262,148,39.71072493321624,minmaxnorm
185,Q0,WSJ900426-0174,149,39.63676571318566,minmaxnorm
185,Q0,AP890107-0092,150,39.33522278307964,minmaxnorm
185,Q0,WSJ870325-0083,151,38.85481243863908,minmaxnorm
185,Q0,WSJ870721-0121,152,38.85012941472505,minmaxnorm
185,Q0,WSJ880202-0162,153,38.84541329404352,minmaxnorm
185,Q0,WSJ910701-0202,154,38.81091289605386,minmaxnorm
185,Q0,WSJ900920-0104,155,38.576907546036935,minmaxnorm
185,Q0,WSJ880826-0004,156,38.36108818987174,minmaxnorm
185,Q0,WSJ861219-0172,157,38.083905270250526,minmaxnorm
185,Q0,WSJ880902-0094,158,37.98992066875627,minmaxnorm
185,Q0,WSJ870113-0034,159,37.714591296168884,minmaxnorm
185,Q0,AP890517-0020,160,37.621395242207974,minmaxnorm
185,Q0,FR891013-0166,161,37.45731987278248,minmaxnorm
185,Q0,WSJ870820-0112,162,37.4299742318778,minmaxnorm
185,Q0,WSJ871104-0124,163,37.39552504095523,minmaxnorm
185,Q0,WSJ920106-0100,164,37.36121473074583,minmaxnorm
185,Q0,WSJ900925-0109,165,37.275922382762715,minmaxnorm
185,Q0,WSJ870115-0066,166,37.02839196647671,minmaxnorm
185,Q0,FR88831-0134,167,36.6622349936179,minmaxnorm
185,Q0,FR89418-0028,168,36.52923551310559,minmaxnorm
185,Q0,WSJ870109-0046,169,36.13613974243373,minmaxnorm
185,Q0,AP890516-0155,170,36.08692911007717,minmaxnorm
185,Q0,WSJ870209-0107,171,35.93659721743435,minmaxnorm
185,Q0,WSJ880219-0044,172,35.90001101279091,minmaxnorm
185,Q0,WSJ880303-0119,173,35.87127866107584,minmaxnorm
185,Q0,AP881123-0116,174,35.835198630990156,minmaxnorm
185,Q0,WSJ880422-0169,175,35.802207473619454,minmaxnorm
185,Q0,AP890426-0095,176,35.38081041276165,minmaxnorm
185,Q0,AP890327-0101,177,35.156956042097676,minmaxnorm
185,Q0,AP880808-0055,178,34.99411157329552,minmaxnorm
185,Q0,WSJ880727-0151,179,34.93869120754913,minmaxnorm
185,Q0,WSJ910724-0087,180,34.7368907222329,minmaxnorm
185,Q0,AP890808-0032,181,34.610977850895324,minmaxnorm
185,Q0,WSJ880328-0062,182,34.576748075608194,minmaxnorm
185,Q0,AP881123-0146,183,34.29140455643046,minmaxnorm
185,Q0,AP890606-0043,184,34.278196388467606,minmaxnorm
185,Q0,AP881021-0097,185,34.08556555294279,minmaxnorm
185,Q0,FR891013-0020,186,33.98460798306671,minmaxnorm
185,Q0,AP891130-0118,187,33.98398598290486,minmaxnorm
185,Q0,AP880219-0241,188,33.932170363385495,minmaxnorm
185,Q0,WSJ900612-0075,189,33.75524014156402,minmaxnorm
185,Q0,AP880504-0163,190,33.7029810134131,minmaxnorm
185,Q0,AP890511-0011,191,33.685928223658834,minmaxnorm
185,Q0,AP880219-0086,192,33.639842856906746,minmaxnorm
185,Q0,WSJ880112-0063,193,33.4969932273831,minmaxnorm
185,Q0,WSJ870529-0098,194,33.145702473253,minmaxnorm
185,Q0,WSJ870908-0124,195,32.57612555100606,minmaxnorm
185,Q0,AP880512-0171,196,32.55421387090937,minmaxnorm
185,Q0,AP880518-0116,197,32.51964536607238,minmaxnorm
185,Q0,AP890524-0043,198,32.35154091334807,minmaxnorm
185,Q0,WSJ920214-0153,199,32.18473893423142,minmaxnorm
185,Q0,FR88707-0063,200,31.908071866123105,minmaxnorm
185,Q0,WSJ910307-0033,201,31.840776005189365,minmaxnorm
185,Q0,WSJ890825-0166,202,31.69978741593556,minmaxnorm
185,Q0,WSJ920212-0096,203,31.682697126688076,minmaxnorm
185,Q0,WSJ871015-0014,204,31.49716394863664,minmaxnorm
185,Q0,WSJ920117-0148,205,31.30218753651559,minmaxnorm
185,Q0,ZF207-247-947,206,31.266412158082332,minmaxnorm
185,Q0,WSJ900711-0021,207,30.94489850105113,minmaxnorm
185,Q0,WSJ910705-0039,208,30.909521743849602,minmaxnorm
185,Q0,WSJ910731-0082,209,30.757892515614014,minmaxnorm
185,Q0,AP880505-0002,210,30.704468682666494,minmaxnorm
185,Q0,AP880720-0220,211,30.587373187734027,minmaxnorm
185,Q0,WSJ880408-0096,212,30.180852551163365,minmaxnorm
185,Q0,AP890805-0027,213,30.16051259031952,minmaxnorm
185,Q0,AP890602-0060,214,30.063169720430018,minmaxnorm
185,Q0,ZF207-087-038,215,29.90366605996431,minmaxnorm
185,Q0,WSJ900405-0120,216,29.784941398381893,minmaxnorm
185,Q0,AP880217-0164,217,29.29537922216397,minmaxnorm
185,Q0,WSJ881109-0143,218,29.278667528102527,minmaxnorm
185,Q0,WSJ900614-0145,219,29.275649193129706,minmaxnorm
185,Q0,FR88812-0084,220,28.956840545745642,minmaxnorm
185,Q0,AP891228-0083,221,28.85956125700337,minmaxnorm
185,Q0,WSJ910903-0165,222,28.82344406144748,minmaxnorm
185,Q0,WSJ881003-0012,223,28.58548086671948,minmaxnorm
185,Q0,AP880627-0138,224,28.583714445113877,minmaxnorm
185,Q0,AP890610-0110,225,28.549294025257105,minmaxnorm
185,Q0,AP880720-0217,226,28.44216683078489,minmaxnorm
185,Q0,WSJ920212-0045,227,28.422025830817976,minmaxnorm
185,Q0,WSJ880617-0023,228,28.320453225436623,minmaxnorm
185,Q0,AP881005-0120,229,28.318742400860934,minmaxnorm
185,Q0,AP890823-0092,230,28.2660792609362,minmaxnorm
185,Q0,WSJ910808-0109,231,28.168916600422598,minmaxnorm
185,Q0,WSJ870724-0155,232,28.167789310052203,minmaxnorm
185,Q0,WSJ870820-0058,233,28.088075777279467,minmaxnorm
185,Q0,WSJ861216-0033,234,28.047399975117365,minmaxnorm
185,Q0,AP880930-0199,235,27.751030275545922,minmaxnorm
185,Q0,WSJ880411-0147,236,27.696530424120787,minmaxnorm
185,Q0,WSJ871119-0123,237,27.674021926952328,minmaxnorm
185,Q0,AP891226-0156,238,27.650964157318008,minmaxnorm
185,Q0,WSJ880824-0002,239,27.59564880337523,minmaxnorm
185,Q0,WSJ880429-0019,240,27.292062526109692,minmaxnorm
185,Q0,AP880506-0087,241,26.968320667041116,minmaxnorm
185,Q0,WSJ880421-0041,242,26.95402862842579,minmaxnorm
185,Q0,WSJ870224-0004,243,26.570494248564724,minmaxnorm
185,Q0,WSJ911216-0082,244,26.54698022368225,minmaxnorm
185,Q0,AP891019-0216,245,26.45199012587636,minmaxnorm
185,Q0,WSJ870903-0095,246,26.151612410611854,minmaxnorm
185,Q0,WSJ870703-0124,247,26.14535505613115,minmaxnorm
185,Q0,WSJ870106-0001,248,26.142562297261517,minmaxnorm
185,Q0,WSJ861215-0005,249,26.113804544607117,minmaxnorm
185,Q0,WSJ891005-0125,250,26.030238528192776,minmaxnorm
185,Q0,WSJ870311-0048,251,25.718358228643684,minmaxnorm
185,Q0,WSJ870929-0084,252,25.60988962845425,minmaxnorm
185,Q0,WSJ920206-0017,253,25.49882877814357,minmaxnorm
185,Q0,AP891211-0138,254,25.275745336027192,minmaxnorm
185,Q0,WSJ880808-0028,255,25.25220487305517,minmaxnorm
185,Q0,WSJ900529-0129,256,25.102097240646327,minmaxnorm
185,Q0,AP880907-0169,257,24.991540446484283,minmaxnorm
185,Q0,AP880304-0004,258,24.937627078617517,minmaxnorm
185,Q0,WSJ880415-0140,259,24.902677190115398,minmaxnorm
185,Q0,AP880516-0278,260,24.824067395242967,minmaxnorm
185,Q0,AP881214-0217,261,24.398468129869258,minmaxnorm
185,Q0,WSJ910401-0050,262,24.295647849481927,minmaxnorm
185,Q0,FR88901-0066,263,24.21055008798458,minmaxnorm
185,Q0,AP890224-0060,264,24.14144044545544,minmaxnorm
185,Q0,AP890306-0016,265,24.02673296624787,minmaxnorm
185,Q0,WSJ871228-0089,266,23.773437052708015,minmaxnorm
185,Q0,AP880520-0121,267,23.69774017657535,minmaxnorm
185,Q0,AP880325-0112,268,23.683550336535735,minmaxnorm
185,Q0,WSJ910109-0120,269,23.549153067548357,minmaxnorm
185,Q0,WSJ920122-0165,270,23.544430685659478,minmaxnorm
185,Q0,AP890830-0140,271,23.492641493182767,minmaxnorm
185,Q0,WSJ880621-0134,272,23.413722507823824,minmaxnorm
185,Q0,WSJ870827-0060,273,23.40929775342249,minmaxnorm
185,Q0,WSJ920302-0165,274,23.329483275022646,minmaxnorm
185,Q0,AP890221-0007,275,23.236430399201076,minmaxnorm
185,Q0,AP891223-0072,276,23.21864516495219,minmaxnorm
185,Q0,AP880218-0162,277,22.967835477565117,minmaxnorm
185,Q0,AP880413-0034,278,22.94899567846489,minmaxnorm
185,Q0,WSJ880425-0099,279,22.887599378220187,minmaxnorm
185,Q0,AP890309-0150,280,22.851998957702865,minmaxnorm
185,Q0,FR88101-0114,281,22.81426461539713,minmaxnorm
185,Q0,AP880925-0090,282,22.804187473811083,minmaxnorm
185,Q0,WSJ910415-0148,283,22.73436061817864,minmaxnorm
185,Q0,AP890329-0204,284,22.7343146010134,minmaxnorm
185,Q0,WSJ870527-0027,285,22.702629563084535,minmaxnorm
185,Q0,WSJ910620-0144,286,22.53622175506371,minmaxnorm
185,Q0,WSJ881117-0102,287,22.53582525823133,minmaxnorm
185,Q0,WSJ920103-0061,288,22.508422312057284,minmaxnorm
185,Q0,AP890213-0179,289,22.323394784401604,minmaxnorm
185,Q0,AP880315-0286,290,21.958529417198967,minmaxnorm
185,Q0,AP880927-0021,291,21.921768988084423,minmaxnorm
185,Q0,AP880810-0036,292,21.841815846311516,minmaxnorm
185,Q0,WSJ900912-0104,293,21.72504222134475,minmaxnorm
185,Q0,AP880505-0003,294,21.704266797590197,minmaxnorm
185,Q0,AP880601-0223,295,21.638555996357283,minmaxnorm
185,Q0,AP880622-0023,296,21.480934724195347,minmaxnorm
185,Q0,AP880630-0031,297,21.480906913633724,minmaxnorm
185,Q0,AP880629-0260,298,21.410712371234098,minmaxnorm
185,Q0,WSJ880906-0001,299,21.26800408946654,minmaxnorm
185,Q0,AP891023-0023,300,21.2100190349072,minmaxnorm
185,Q0,AP890524-0038,301,21.111284010327278,minmaxnorm
185,Q0,AP890222-0286,302,21.110569342212912,minmaxnorm
185,Q0,AP890123-0050,303,21.036815604863804,minmaxnorm
185,Q0,FR88913-0004,304,20.829923186528017,minmaxnorm
185,Q0,AP890109-0094,305,20.664389971168063,minmaxnorm
185,Q0,AP880415-0126,306,20.515813945738124,minmaxnorm
185,Q0,AP880215-0207,307,20.455150208516564,minmaxnorm
185,Q0,AP881001-0108,308,20.419554965534612,minmaxnorm
185,Q0,AP880709-0045,309,20.384092073800577,minmaxnorm
185,Q0,AP880412-0248,310,20.24303631670437,minmaxnorm
185,Q0,AP880826-0254,311,20.15256880524754,minmaxnorm
185,Q0,AP880520-0203,312,20.10664861902982,minmaxnorm
185,Q0,WSJ880425-0119,313,20.087004461132594,minmaxnorm
185,Q0,FR89929-0109,314,20.052015168748603,minmaxnorm
185,Q0,AP881001-0109,315,20.013093216362844,minmaxnorm
185,Q0,AP881001-0113,316,20.01223747922507,minmaxnorm
185,Q0,FR88511-0168,317,19.94651650254658,minmaxnorm
185,Q0,FR89124-0024,318,19.8744130232841,minmaxnorm
185,Q0,WSJ910418-0014,319,19.842272180060203,minmaxnorm
185,Q0,WSJ870520-0064,320,19.824847476811588,minmaxnorm
185,Q0,WSJ880705-0118,321,19.813826225781085,minmaxnorm
185,Q0,WSJ880928-0038,322,19.810511075023783,minmaxnorm
185,Q0,AP890530-0244,323,19.803107316983166,minmaxnorm
185,Q0,WSJ870708-0046,324,19.660500325918253,minmaxnorm
185,Q0,WSJ911219-0030,325,19.51212142743028,minmaxnorm
185,Q0,AP880524-0006,326,19.496650594022185,minmaxnorm
185,Q0,FR88811-0163,327,19.48316636907211,minmaxnorm
185,Q0,AP880419-0109,328,19.43618317355362,minmaxnorm
185,Q0,AP880519-0023,329,19.368237202340694,minmaxnorm
185,Q0,AP880424-0060,330,19.295302393123677,minmaxnorm
185,Q0,AP880519-0260,331,19.238420306062373,minmaxnorm
185,Q0,AP881006-0135,332,19.22966964570176,minmaxnorm
185,Q0,AP880923-0023,333,18.978976103431922,minmaxnorm
185,Q0,WSJ910813-0006,334,18.963250985807846,minmaxnorm
185,Q0,AP881121-0095,335,18.80628454431562,minmaxnorm
185,Q0,WSJ870928-0128,336,18.792003464108028,minmaxnorm
185,Q0,FR89607-0073,337,18.756801347232315,minmaxnorm
185,Q0,AP881125-0014,338,18.72370002605456,minmaxnorm
185,Q0,WSJ910718-0041,339,18.686034897657986,minmaxnorm
185,Q0,AP880803-0002,340,18.66052635633617,minmaxnorm
185,Q0,WSJ911106-0085,341,18.6448003994704,minmaxnorm
185,Q0,AP881013-0257,342,18.550038293061487,minmaxnorm
185,Q0,AP880721-0090,343,18.52575644379984,minmaxnorm
185,Q0,WSJ880218-0135,344,18.48829973708174,minmaxnorm
185,Q0,WSJ911114-0056,345,18.480755232992365,minmaxnorm
185,Q0,AP890111-0116,346,18.421662581638255,minmaxnorm
185,Q0,WSJ880316-0029,347,18.380359531793587,minmaxnorm
185,Q0,WSJ870617-0150,348,18.220422602319925,minmaxnorm
185,Q0,AP881106-0024,349,18.118011933509305,minmaxnorm
185,Q0,WSJ890810-0117,350,18.06990502458617,minmaxnorm
185,Q0,AP880817-0063,351,18.03852234827211,minmaxnorm
185,Q0,AP880316-0127,352,17.98952510252338,minmaxnorm
185,Q0,AP891117-0102,353,17.9553983157011,minmaxnorm
185,Q0,AP891030-0134,354,17.91479535499569,minmaxnorm
185,Q0,WSJ910913-0041,355,17.85265090360382,minmaxnorm
185,Q0,AP890731-0061,356,17.837804193398835,minmaxnorm
185,Q0,AP881005-0231,357,17.8335002395761,minmaxnorm
185,Q0,WSJ871217-0036,358,17.78895760154277,minmaxnorm
185,Q0,AP890825-0218,359,17.777737052738466,minmaxnorm
185,Q0,WSJ910604-0142,360,17.76445561184334,minmaxnorm
185,Q0,WSJ890920-0140,361,17.58777904986222,minmaxnorm
185,Q0,AP891002-0159,362,17.58484810748858,minmaxnorm
185,Q0,WSJ900627-0068,363,17.57386104125116,minmaxnorm
185,Q0,AP880406-0025,364,17.540424736422384,minmaxnorm
185,Q0,WSJ881006-0040,365,17.190722006464732,minmaxnorm
185,Q0,FR88902-0100,366,17.164527446982746,minmaxnorm
185,Q0,AP880729-0036,367,17.09112053889873,minmaxnorm
185,Q0,AP880421-0080,368,17.05283763836158,minmaxnorm
185,Q0,WSJ871103-0107,369,16.99361322259914,minmaxnorm
185,Q0,AP891110-0177,370,16.972854770861204,minmaxnorm
185,Q0,AP890227-0074,371,16.918156111267972,minmaxnorm
185,Q0,WSJ910204-0134,372,16.820318543488106,minmaxnorm
185,Q0,WSJ870826-0110,373,16.78105474137313,minmaxnorm
185,Q0,WSJ881011-0070,374,16.69311822605119,minmaxnorm
185,Q0,AP880530-0170,375,16.622195301859268,minmaxnorm
185,Q0,AP880330-0035,376,16.616331294685263,minmaxnorm
185,Q0,WSJ900419-0098,377,16.492066020727584,minmaxnorm
185,Q0,WSJ880406-0077,378,16.360623100548736,minmaxnorm
185,Q0,AP890825-0043,379,16.285378604885143,minmaxnorm
185,Q0,AP880411-0224,380,16.275564505501357,minmaxnorm
185,Q0,AP891025-0129,381,16.222704481736603,minmaxnorm
185,Q0,WSJ870519-0052,382,16.21982839283996,minmaxnorm
185,Q0,AP880302-0023,383,16.18101223218386,minmaxnorm
185,Q0,AP880329-0127,384,16.180316291389182,minmaxnorm
185,Q0,WSJ910722-0054,385,16.1693084657202,minmaxnorm
185,Q0,AP880718-0084,386,16.122454817441504,minmaxnorm
185,Q0,AP890123-0195,387,16.076843984729365,minmaxnorm
185,Q0,WSJ870415-0095,388,16.07232787837199,minmaxnorm
185,Q0,ZF109-619-427,389,16.04319597356787,minmaxnorm
185,Q0,WSJ871009-0082,390,15.991962875165338,minmaxnorm
185,Q0,ZF109-646-869,391,15.990571776192851,minmaxnorm
185,Q0,WSJ920122-0007,392,15.97162654524925,minmaxnorm
185,Q0,AP881117-0183,393,15.938989175862757,minmaxnorm
185,Q0,WSJ890727-0179,394,15.919972262858689,minmaxnorm
185,Q0,WSJ880115-0142,395,15.901930427701625,minmaxnorm
185,Q0,AP890109-0074,396,15.861007296840004,minmaxnorm
185,Q0,WSJ870917-0047,397,15.704971271260774,minmaxnorm
185,Q0,WSJ880404-0082,398,15.694791987069525,minmaxnorm
185,Q0,WSJ871204-0041,399,15.654881968259247,minmaxnorm
185,Q0,AP890109-0084,400,15.64998401008519,minmaxnorm
185,Q0,WSJ871009-0165,401,15.648898703303635,minmaxnorm
185,Q0,WSJ880712-0044,402,15.618427168009056,minmaxnorm
185,Q0,WSJ880607-0123,403,15.60286138136087,minmaxnorm
185,Q0,AP880506-0170,404,15.450560526052893,minmaxnorm
185,Q0,WSJ910919-0071,405,15.372232447202466,minmaxnorm
185,Q0,WSJ880519-0007,406,15.321279092167117,minmaxnorm
185,Q0,WSJ870904-0098,407,15.296936954890796,minmaxnorm
185,Q0,WSJ880126-0108,408,15.254676691918611,minmaxnorm
185,Q0,AP880721-0238,409,15.186624172345853,minmaxnorm
185,Q0,WSJ920205-0028,410,15.186345960965928,minmaxnorm
185,Q0,WSJ900831-0084,411,15.03716583253608,minmaxnorm
185,Q0,FR89804-0117,412,15.025645309934273,minmaxnorm
185,Q0,AP880218-0102,413,14.988997993353614,minmaxnorm
185,Q0,AP880428-0238,414,14.97433989763689,minmaxnorm
185,Q0,AP890310-0021,415,14.794634573064235,minmaxnorm
185,Q0,WSJ910528-0127,416,14.761681986791093,minmaxnorm
185,Q0,WSJ871217-0050,417,14.751909014696924,minmaxnorm
185,Q0,WSJ880822-0088,418,14.680361907956073,minmaxnorm
185,Q0,AP890506-0099,419,14.647003271246778,minmaxnorm
185,Q0,WSJ910417-0047,420,14.633517907605425,minmaxnorm
185,Q0,AP880620-0040,421,14.620464921726118,minmaxnorm
185,Q0,WSJ901231-0096,422,14.603302884006123,minmaxnorm
185,Q0,WSJ910923-0014,423,14.601227344309386,minmaxnorm
185,Q0,AP880913-0114,424,14.573772056554796,minmaxnorm
185,Q0,WSJ871103-0108,425,14.55887820510162,minmaxnorm
185,Q0,ZF207-164-822,426,14.46486970370149,minmaxnorm
185,Q0,WSJ880309-0121,427,14.429389646747605,minmaxnorm
185,Q0,WSJ900405-0113,428,14.39308801502279,minmaxnorm
185,Q0,AP881022-0094,429,14.380470132304119,minmaxnorm
185,Q0,WSJ910114-0127,430,14.373258160515457,minmaxnorm
185,Q0,AP880911-0050,431,14.350095809058697,minmaxnorm
185,Q0,WSJ871023-0120,432,14.305210192831176,minmaxnorm
185,Q0,AP891114-0232,433,14.232248023828026,minmaxnorm
185,Q0,AP881110-0275,434,14.205008761201258,minmaxnorm
185,Q0,WSJ881006-0001,435,14.16807560557654,minmaxnorm
185,Q0,ZF207-620-942,436,14.069773837275774,minmaxnorm
185,Q0,WSJ880701-0132,437,13.937638105904957,minmaxnorm
185,Q0,AP890928-0034,438,13.905534795833535,minmaxnorm
185,Q0,AP880224-0098,439,13.840112786764836,minmaxnorm
185,Q0,WSJ870113-0130,440,13.80458239084554,minmaxnorm
185,Q0,WSJ910111-0058,441,13.734093611855377,minmaxnorm
185,Q0,ZF108-822-068,442,13.677173336072187,minmaxnorm
185,Q0,AP891118-0080,443,13.655484791534972,minmaxnorm
185,Q0,WSJ910422-0111,444,13.636263751650716,minmaxnorm
185,Q0,WSJ910508-0099,445,13.507681910782521,minmaxnorm
185,Q0,WSJ881011-0076,446,13.448853984384675,minmaxnorm
185,Q0,FR89524-0029,447,13.427343624985559,minmaxnorm
185,Q0,FR89703-0036,448,13.418647602555941,minmaxnorm
185,Q0,AP890302-0238,449,13.391673757406643,minmaxnorm
185,Q0,AP880218-0099,450,13.386801123859291,minmaxnorm
185,Q0,AP890221-0010,451,13.370020183504916,minmaxnorm
185,Q0,AP881024-0165,452,13.304251502160058,minmaxnorm
185,Q0,AP880325-0133,453,13.303685266825967,minmaxnorm
185,Q0,WSJ910104-0103,454,13.297624598862797,minmaxnorm
185,Q0,AP880630-0177,455,13.293928110009169,minmaxnorm
185,Q0,AP890812-0109,456,13.229279509819344,minmaxnorm
185,Q0,ZF108-616-098,457,13.227573204822717,minmaxnorm
185,Q0,WSJ870515-0023,458,13.200898614898462,minmaxnorm
185,Q0,WSJ901224-0095,459,13.174654039177762,minmaxnorm
185,Q0,WSJ880629-0025,460,13.111957018094138,minmaxnorm
185,Q0,AP880921-0196,461,13.073902207840952,minmaxnorm
185,Q0,AP891111-0096,462,13.072305360683764,minmaxnorm
185,Q0,AP890213-0180,463,13.010695501048188,minmaxnorm
185,Q0,WSJ900619-0079,464,13.007365416534991,minmaxnorm
185,Q0,FR89630-0147,465,12.997269026735893,minmaxnorm
185,Q0,AP880517-0032,466,12.993741854657978,minmaxnorm
185,Q0,WSJ910520-0173,467,12.953578615087224,minmaxnorm
185,Q0,AP880218-0089,468,12.952231046934859,minmaxnorm
185,Q0,WSJ910920-0105,469,12.870007897729156,minmaxnorm
185,Q0,WSJ880127-0111,470,12.83784498615285,minmaxnorm
185,Q0,DOE1-13-0673,471,12.82322260666324,minmaxnorm
185,Q0,AP880719-0017,472,12.821900109169265,minmaxnorm
185,Q0,DOE2-26-0104,473,12.81838052160437,minmaxnorm
185,Q0,AP890805-0138,474,12.806473498372345,minmaxnorm
185,Q0,WSJ871218-0080,475,12.799391269268439,minmaxnorm
185,Q0,FR89405-0034,476,12.720044952003633,minmaxnorm
185,Q0,WSJ870204-0079,477,12.697564982929807,minmaxnorm
185,Q0,AP890422-0059,478,12.683672959522127,minmaxnorm
185,Q0,WSJ910924-0018,479,12.654881192829485,minmaxnorm
185,Q0,WSJ880527-0008,480,12.645172032550489,minmaxnorm
185,Q0,AP890221-0012,481,12.637151112661678,minmaxnorm
185,Q0,AP881006-0063,482,12.591074809352525,minmaxnorm
185,Q0,FR89614-0105,483,12.583912163750368,minmaxnorm
185,Q0,WSJ870107-0106,484,12.536760438471125,minmaxnorm
185,Q0,AP880411-0292,485,12.520147298640994,minmaxnorm
185,Q0,WSJ881010-0003,486,12.512076044209051,minmaxnorm
185,Q0,FR89818-0019,487,12.506141883709946,minmaxnorm
185,Q0,AP880918-0064,488,12.497423057300372,minmaxnorm
185,Q0,WSJ870220-0053,489,12.44873688349747,minmaxnorm
185,Q0,WSJ870428-0106,490,12.38625305663295,minmaxnorm
185,Q0,WSJ920110-0010,491,12.363744944121501,minmaxnorm
185,Q0,WSJ870312-0109,492,12.294866248158463,minmaxnorm
185,Q0,AP880822-0211,493,12.2942482403827,minmaxnorm
185,Q0,WSJ900808-0031,494,12.288334248537932,minmaxnorm
185,Q0,WSJ880513-0157,495,12.281130536586842,minmaxnorm
185,Q0,ZF207-468-722,496,12.195658280427928,minmaxnorm
185,Q0,WSJ910503-0110,497,12.162736908943385,minmaxnorm
185,Q0,ZF207-921-812,498,12.161368638695572,minmaxnorm
185,Q0,WSJ900605-0014,499,12.159021260499536,minmaxnorm
185,Q0,WSJ870123-0175,500,12.14517032724136,minmaxnorm
185,Q0,AP881004-0121,501,12.144719416344124,minmaxnorm
185,Q0,AP890125-0134,502,12.107385981593453,minmaxnorm
185,Q0,FR88601-0035,503,12.052028217845075,minmaxnorm
185,Q0,FR89412-0032,504,11.946836939083443,minmaxnorm
185,Q0,WSJ910618-0077,505,11.933270809740847,minmaxnorm
185,Q0,WSJ910314-0093,506,11.872142307414332,minmaxnorm
185,Q0,AP881015-0036,507,11.842995513828463,minmaxnorm
185,Q0,WSJ870904-0132,508,11.831859610565596,minmaxnorm
185,Q0,WSJ911216-0075,509,11.805026881113434,minmaxnorm
185,Q0,WSJ910312-0103,510,11.771438234060401,minmaxnorm
185,Q0,ZF207-300-707,511,11.722694364963008,minmaxnorm
185,Q0,WSJ910723-0001,512,11.708742824488109,minmaxnorm
185,Q0,AP890925-0141,513,11.680668162022066,minmaxnorm
185,Q0,AP880511-0190,514,11.653826082019746,minmaxnorm
185,Q0,FR89223-0145,515,11.568935225209254,minmaxnorm
185,Q0,AP881017-0163,516,11.511229697221758,minmaxnorm
185,Q0,WSJ910225-0078,517,11.463300938338929,minmaxnorm
185,Q0,WSJ870930-0106,518,11.448665542103562,minmaxnorm
185,Q0,ZF207-094-394,519,11.44218932664903,minmaxnorm
185,Q0,AP880831-0234,520,11.42735463932716,minmaxnorm
185,Q0,WSJ910702-0065,521,11.391183408087256,minmaxnorm
185,Q0,WSJ911111-0042,522,11.387530680080353,minmaxnorm
185,Q0,FR89419-0041,523,11.330903752751544,minmaxnorm
185,Q0,WSJ910620-0161,524,11.321106471978213,minmaxnorm
185,Q0,AP880915-0182,525,11.316210851409597,minmaxnorm
185,Q0,FR89530-0156,526,11.290111859125568,minmaxnorm
185,Q0,WSJ881104-0099,527,11.288497111031356,minmaxnorm
185,Q0,AP880713-0049,528,11.215518375366468,minmaxnorm
185,Q0,WSJ920228-0146,529,11.182051117615785,minmaxnorm
185,Q0,AP880616-0036,530,11.088244856053526,minmaxnorm
185,Q0,AP890928-0172,531,11.069644906223726,minmaxnorm
185,Q0,AP880527-0182,532,11.056303760981043,minmaxnorm
185,Q0,AP880619-0046,533,11.04130717208681,minmaxnorm
185,Q0,WSJ881031-0156,534,11.024365056227907,minmaxnorm
185,Q0,WSJ880331-0091,535,11.018357989154735,minmaxnorm
185,Q0,AP890616-0184,536,10.950389831891277,minmaxnorm
185,Q0,AP891026-0055,537,10.945750585794737,minmaxnorm
185,Q0,WSJ891027-0139,538,10.943845713103709,minmaxnorm
185,Q0,WSJ910528-0084,539,10.928762018376538,minmaxnorm
185,Q0,WSJ910205-0063,540,10.825266223157264,minmaxnorm
185,Q0,AP880726-0048,541,10.786977122801808,minmaxnorm
185,Q0,WSJ870626-0083,542,10.775148583920219,minmaxnorm
185,Q0,AP890813-0052,543,10.77156993962297,minmaxnorm
185,Q0,AP890121-0149,544,10.764566748378394,minmaxnorm
185,Q0,ZF207-342-254,545,10.760866076743959,minmaxnorm
185,Q0,AP880926-0001,546,10.705559478428682,minmaxnorm
185,Q0,FR89609-0002,547,10.659776211023773,minmaxnorm
185,Q0,AP890108-0019,548,10.644318546259326,minmaxnorm
185,Q0,AP880927-0063,549,10.632016460674523,minmaxnorm
185,Q0,AP880510-0071,550,10.61992373667385,minmaxnorm
185,Q0,AP880222-0204,551,10.575464851677491,minmaxnorm
185,Q0,AP881008-0098,552,10.544355129329006,minmaxnorm
185,Q0,WSJ881012-0118,553,10.515353159257915,minmaxnorm
185,Q0,AP880731-0027,554,10.489594239177245,minmaxnorm
185,Q0,WSJ910822-0107,555,10.461761353630237,minmaxnorm
185,Q0,AP880625-0135,556,10.445747524080062,minmaxnorm
185,Q0,FR89222-0083,557,10.424168823711682,minmaxnorm
185,Q0,AP890131-0094,558,10.410333199613913,minmaxnorm
185,Q0,FR88503-0082,559,10.336215263948565,minmaxnorm
185,Q0,AP880903-0160,560,10.330481911503474,minmaxnorm
185,Q0,WSJ880615-0098,561,10.31491675688645,minmaxnorm
185,Q0,AP880309-0275,562,10.31344050306617,minmaxnorm
185,Q0,AP881014-0214,563,10.276325652697896,minmaxnorm
185,Q0,FR88218-0101,564,10.27014221549458,minmaxnorm
185,Q0,AP890606-0061,565,10.25531536390507,minmaxnorm
185,Q0,ZF207-149-826,566,10.23905557253122,minmaxnorm
185,Q0,AP890525-0032,567,10.220375670874528,minmaxnorm
185,Q0,WSJ910307-0054,568,10.217858736424791,minmaxnorm
185,Q0,DOE2-53-0976,569,10.203545716018981,minmaxnorm
185,Q0,AP880713-0108,570,10.174117152422966,minmaxnorm
185,Q0,ZF207-747-267,571,10.155671716387385,minmaxnorm
185,Q0,WSJ920107-0043,572,10.120649592078001,minmaxnorm
185,Q0,FR89607-0017,573,10.116544610814627,minmaxnorm
185,Q0,AP890720-0081,574,10.084622792303794,minmaxnorm
185,Q0,ZF109-435-229,575,10.078358585893952,minmaxnorm
185,Q0,AP890403-0102,576,10.0404988601517,minmaxnorm
185,Q0,WSJ900824-0034,577,10.01809762501052,minmaxnorm
185,Q0,FR88906-0021,578,10.017675773464958,minmaxnorm
185,Q0,ZF207-131-360,579,10.009433382533864,minmaxnorm
185,Q0,AP880412-0008,580,9.994019529185612,minmaxnorm
185,Q0,WSJ910325-0106,581,9.976795394347128,minmaxnorm
185,Q0,WSJ920121-0079,582,9.929272989852064,minmaxnorm
185,Q0,AP890406-0213,583,9.912245384688278,minmaxnorm
185,Q0,WSJ870209-0148,584,9.865385192882002,minmaxnorm
185,Q0,WSJ880324-0074,585,9.858380911208009,minmaxnorm
185,Q0,WSJ870928-0113,586,9.831702694821926,minmaxnorm
185,Q0,WSJ861210-0140,587,9.812324028678331,minmaxnorm
185,Q0,AP880629-0028,588,9.808348193785847,minmaxnorm
185,Q0,FR88603-0016,589,9.77777674835924,minmaxnorm
185,Q0,WSJ870313-0091,590,9.647767895176978,minmaxnorm
185,Q0,WSJ880328-0094,591,9.64125376448523,minmaxnorm
185,Q0,WSJ910325-0108,592,9.638157958345857,minmaxnorm
185,Q0,ZF207-252-031,593,9.594650754395957,minmaxnorm
185,Q0,WSJ900719-0091,594,9.557689598782174,minmaxnorm
185,Q0,WSJ870212-0063,595,9.552560061325845,minmaxnorm
185,Q0,WSJ900418-0157,596,9.550328179281957,minmaxnorm
185,Q0,AP890109-0079,597,9.54097761032125,minmaxnorm
185,Q0,AP891107-0250,598,9.451955178635362,minmaxnorm
185,Q0,AP880510-0258,599,9.450123200246217,minmaxnorm
185,Q0,AP890508-0054,600,9.418949762809236,minmaxnorm
185,Q0,AP880629-0144,601,9.403896016692741,minmaxnorm
185,Q0,WSJ880815-0105,602,9.388706756307034,minmaxnorm
185,Q0,ZF207-748-659,603,9.368530695025987,minmaxnorm
185,Q0,AP890706-0067,604,9.347422318125307,minmaxnorm
185,Q0,WSJ920210-0074,605,9.340756466026983,minmaxnorm
185,Q0,FR89317-0115,606,9.332195823974624,minmaxnorm
185,Q0,ZF207-466-462,607,9.306830932100588,minmaxnorm
185,Q0,WSJ880603-0065,608,9.27945242242392,minmaxnorm
185,Q0,WSJ870728-0073,609,9.272445105089732,minmaxnorm
185,Q0,WSJ920207-0111,610,9.249501188896193,minmaxnorm
185,Q0,AP890722-0065,611,9.247045019223723,minmaxnorm
185,Q0,AP890808-0047,612,9.229462954120663,minmaxnorm
185,Q0,WSJ900409-0035,613,9.228616295809601,minmaxnorm
185,Q0,DOE1-93-0540,614,9.22063827903532,minmaxnorm
185,Q0,WSJ900507-0134,615,9.215613697729367,minmaxnorm
185,Q0,AP880920-0025,616,9.20378421656136,minmaxnorm
185,Q0,AP880916-0021,617,9.181111342430613,minmaxnorm
185,Q0,AP880501-0003,618,9.155608800390489,minmaxnorm
185,Q0,AP881121-0021,619,9.096305067019173,minmaxnorm
185,Q0,AP891216-0016,620,9.095728968453145,minmaxnorm
185,Q0,AP891113-0112,621,9.078573766559654,minmaxnorm
185,Q0,WSJ910709-0024,622,9.07783831681474,minmaxnorm
185,Q0,AP890807-0122,623,9.069517300307735,minmaxnorm
185,Q0,WSJ890914-0169,624,9.061919407381367,minmaxnorm
185,Q0,FR88818-0055,625,9.056110060651482,minmaxnorm
185,Q0,WSJ910521-0142,626,9.044610033876852,minmaxnorm
185,Q0,FR88514-0001,627,9.04407666580023,minmaxnorm
185,Q0,ZF109-651-063,628,9.011132484456535,minmaxnorm
185,Q0,AP880419-0146,629,8.990800518469616,minmaxnorm
185,Q0,AP890320-0250,630,8.96420688065523,minmaxnorm
185,Q0,AP891120-0153,631,8.954367740550605,minmaxnorm
185,Q0,WSJ870831-0042,632,8.945968880689895,minmaxnorm
185,Q0,ZF109-515-251,633,8.943279964448584,minmaxnorm
185,Q0,WSJ881115-0117,634,8.874758381572448,minmaxnorm
185,Q0,WSJ910604-0094,635,8.868193902648327,minmaxnorm
185,Q0,AP890511-0254,636,8.805854705088958,minmaxnorm
185,Q0,AP890102-0116,637,8.769614474364673,minmaxnorm
185,Q0,AP880810-0068,638,8.768174557978153,minmaxnorm
185,Q0,AP880424-0011,639,8.735589395565754,minmaxnorm
185,Q0,WSJ900924-0109,640,8.730165949215714,minmaxnorm
185,Q0,WSJ900907-0127,641,8.715838157025544,minmaxnorm
185,Q0,ZF207-321-382,642,8.708533753046611,minmaxnorm
185,Q0,WSJ900926-0067,643,8.704639985311113,minmaxnorm
185,Q0,WSJ880414-0011,644,8.688993729431028,minmaxnorm
185,Q0,WSJ900606-0006,645,8.673823524879847,minmaxnorm
185,Q0,AP880928-0021,646,8.658836055063414,minmaxnorm
185,Q0,AP881024-0146,647,8.646196143371927,minmaxnorm
185,Q0,WSJ870817-0121,648,8.626857897499976,minmaxnorm
185,Q0,WSJ890906-0087,649,8.614583952704862,minmaxnorm
185,Q0,AP880926-0022,650,8.604076137803338,minmaxnorm
185,Q0,WSJ911114-0016,651,8.57923428182871,minmaxnorm
185,Q0,ZF207-132-766,652,8.560669546939216,minmaxnorm
185,Q0,AP880714-0212,653,8.54901646502984,minmaxnorm
185,Q0,FR881024-0194,654,8.527168621522828,minmaxnorm
185,Q0,AP880501-0005,655,8.513466685932185,minmaxnorm
185,Q0,WSJ870619-0027,656,8.511721729910985,minmaxnorm
185,Q0,WSJ891017-0006,657,8.458595811730113,minmaxnorm
185,Q0,ZF207-279-251,658,8.421141918747045,minmaxnorm
185,Q0,AP891122-0148,659,8.418806082000962,minmaxnorm
185,Q0,WSJ900827-0129,660,8.41822235414718,minmaxnorm
185,Q0,WSJ911227-0086,661,8.39828208721816,minmaxnorm
185,Q0,WSJ870113-0023,662,8.392998248410539,minmaxnorm
185,Q0,FR88518-0136,663,8.383355851049119,minmaxnorm
185,Q0,AP880813-0153,664,8.3712497576817,minmaxnorm
185,Q0,WSJ910130-0150,665,8.328981713967348,minmaxnorm
185,Q0,FR88912-0003,666,8.318367457565587,minmaxnorm
185,Q0,AP881202-0068,667,8.299104447036651,minmaxnorm
185,Q0,WSJ900514-0081,668,8.297116347047774,minmaxnorm
185,Q0,AP880712-0188,669,8.276302166285278,minmaxnorm
185,Q0,WSJ900622-0129,670,8.255599205972246,minmaxnorm
185,Q0,ZF207-913-372,671,8.2540018593086,minmaxnorm
185,Q0,WSJ880630-0137,672,8.233260243252873,minmaxnorm
185,Q0,ZF109-651-105,673,8.195421098058207,minmaxnorm
185,Q0,WSJ920320-0138,674,8.177594658739201,minmaxnorm
185,Q0,WSJ910128-0005,675,8.172775254892237,minmaxnorm
185,Q0,AP880615-0041,676,8.162783780524801,minmaxnorm
185,Q0,AP880905-0098,677,8.158741657180258,minmaxnorm
185,Q0,WSJ880318-0113,678,8.120270929675847,minmaxnorm
185,Q0,AP880712-0147,679,8.062928494696555,minmaxnorm
185,Q0,WSJ910618-0003,680,8.05820249270794,minmaxnorm
185,Q0,FR88512-0113,681,8.034270971243867,minmaxnorm
185,Q0,WSJ900817-0136,682,8.017864507851952,minmaxnorm
185,Q0,AP880222-0209,683,7.989106253882715,minmaxnorm
185,Q0,FR881024-0095,684,7.979164468093457,minmaxnorm
185,Q0,WSJ880317-0109,685,7.942175952972096,minmaxnorm
185,Q0,WSJ870911-0097,686,7.94091459274632,minmaxnorm
185,Q0,WSJ880907-0097,687,7.889548239390625,minmaxnorm
185,Q0,WSJ871002-0114,688,7.86824517855575,minmaxnorm
185,Q0,WSJ870916-0024,689,7.8586322601558365,minmaxnorm
185,Q0,WSJ910730-0082,690,7.8565056721048965,minmaxnorm
185,Q0,ZF207-585-275,691,7.844762534427314,minmaxnorm
185,Q0,AP890719-0004,692,7.832056440509627,minmaxnorm
185,Q0,WSJ920306-0049,693,7.827955896303268,minmaxnorm
185,Q0,AP880719-0004,694,7.827243541186617,minmaxnorm
185,Q0,WSJ871130-0049,695,7.81441128609999,minmaxnorm
185,Q0,AP890926-0187,696,7.811871601489279,minmaxnorm
185,Q0,AP880301-0225,697,7.806782882861748,minmaxnorm
185,Q0,WSJ890913-0102,698,7.799113904043202,minmaxnorm
185,Q0,WSJ880711-0032,699,7.797926964719301,minmaxnorm
185,Q0,WSJ870911-0099,700,7.752402385328368,minmaxnorm
185,Q0,WSJ891019-0096,701,7.740062006549163,minmaxnorm
185,Q0,WSJ911028-0053,702,7.698823304479969,minmaxnorm
185,Q0,AP881006-0314,703,7.691291062593892,minmaxnorm
185,Q0,WSJ910128-0134,704,7.685881131180758,minmaxnorm
185,Q0,WSJ870617-0108,705,7.675030943963271,minmaxnorm
185,Q0,WSJ890830-0072,706,7.619832146198991,minmaxnorm
185,Q0,FR89821-0085,707,7.61798094562877,minmaxnorm
185,Q0,AP881201-0044,708,7.617480415504822,minmaxnorm
185,Q0,WSJ870923-0082,709,7.58078515211597,minmaxnorm
185,Q0,WSJ880708-0164,710,7.569250213529228,minmaxnorm
185,Q0,WSJ880218-0103,711,7.566085805154569,minmaxnorm
185,Q0,AP890927-0196,712,7.538030593599959,minmaxnorm
185,Q0,AP890619-0058,713,7.537374993707704,minmaxnorm
185,Q0,AP891218-0180,714,7.532086453378428,minmaxnorm
185,Q0,WSJ900824-0170,715,7.508627389472291,minmaxnorm
185,Q0,FR89406-0112,716,7.505484093376121,minmaxnorm
185,Q0,AP881014-0019,717,7.50362654401581,minmaxnorm
185,Q0,AP880328-0145,718,7.4981300146238645,minmaxnorm
185,Q0,AP880607-0169,719,7.45538212045506,minmaxnorm
185,Q0,AP880517-0135,720,7.4537161840213315,minmaxnorm
185,Q0,WSJ910405-0102,721,7.426889584913218,minmaxnorm
185,Q0,AP881119-0005,722,7.403836571991677,minmaxnorm
185,Q0,WSJ880523-0135,723,7.396705522152973,minmaxnorm
185,Q0,WSJ911219-0049,724,7.373810737089427,minmaxnorm
185,Q0,AP881026-0002,725,7.367755877548502,minmaxnorm
185,Q0,AP891109-0252,726,7.364804689181914,minmaxnorm
185,Q0,WSJ910924-0116,727,7.338525595630156,minmaxnorm
185,Q0,AP891106-0046,728,7.334425327848254,minmaxnorm
185,Q0,ZF108-329-246,729,7.326757032316071,minmaxnorm
185,Q0,AP891220-0110,730,7.322725720019609,minmaxnorm
185,Q0,WSJ910213-0075,731,7.3184081344226195,minmaxnorm
185,Q0,ZF207-253-384,732,7.281269789653743,minmaxnorm
185,Q0,AP881005-0251,733,7.2572019748082885,minmaxnorm
185,Q0,WSJ900413-0126,734,7.244140006330673,minmaxnorm
185,Q0,AP891121-0044,735,7.235654426887272,minmaxnorm
185,Q0,WSJ910625-0102,736,7.232344312288138,minmaxnorm
185,Q0,WSJ870707-0125,737,7.225512235011826,minmaxnorm
185,Q0,AP880926-0043,738,7.213292510852814,minmaxnorm
185,Q0,AP880721-0227,739,7.204086361923611,minmaxnorm
185,Q0,AP890213-0062,740,7.196092871422519,minmaxnorm
185,Q0,WSJ880308-0009,741,7.193268248231086,minmaxnorm
185,Q0,WSJ871123-0002,742,7.16960453098013,minmaxnorm
185,Q0,WSJ871014-0159,743,7.153540621130429,minmaxnorm
185,Q0,AP890414-0136,744,7.138076045788023,minmaxnorm
185,Q0,AP880218-0107,745,7.126242403891263,minmaxnorm
185,Q0,AP880626-0074,746,7.123116262226931,minmaxnorm
185,Q0,WSJ870921-0077,747,7.1002992793321775,minmaxnorm
185,Q0,AP890927-0100,748,7.096177892405971,minmaxnorm
185,Q0,FR88824-0016,749,7.094225720464502,minmaxnorm
185,Q0,WSJ870710-0117,750,7.087846414027655,minmaxnorm
185,Q0,WSJ880520-0130,751,7.08510173213874,minmaxnorm
185,Q0,WSJ900605-0108,752,7.075521088424879,minmaxnorm
185,Q0,WSJ861223-0006,753,7.067397629878407,minmaxnorm
185,Q0,WSJ920316-0070,754,7.056406744380144,minmaxnorm
185,Q0,WSJ880426-0027,755,7.0456627824623705,minmaxnorm
185,Q0,WSJ880422-0137,756,7.0364918393783755,minmaxnorm
185,Q0,WSJ870218-0060,757,7.022093097847691,minmaxnorm
185,Q0,FR88708-0133,758,7.009604472588843,minmaxnorm
185,Q0,AP880706-0267,759,6.991420626752485,minmaxnorm
185,Q0,WSJ870923-0060,760,6.965953232401961,minmaxnorm
185,Q0,WSJ910204-0108,761,6.965928029336336,minmaxnorm
185,Q0,AP890622-0045,762,6.965144174080989,minmaxnorm
185,Q0,DOE2-80-0936,763,6.964637375016573,minmaxnorm
185,Q0,WSJ870810-0077,764,6.958142701473283,minmaxnorm
185,Q0,AP880718-0097,765,6.937513419059098,minmaxnorm
185,Q0,AP880331-0045,766,6.919703462343303,minmaxnorm
185,Q0,WSJ900712-0105,767,6.890444736421454,minmaxnorm
185,Q0,WSJ870624-0167,768,6.86376663143478,minmaxnorm
185,Q0,AP880909-0190,769,6.8558419448928465,minmaxnorm
185,Q0,ZF109-513-945,770,6.8426939218171725,minmaxnorm
185,Q0,AP891112-0040,771,6.839573674677543,minmaxnorm
185,Q0,WSJ910815-0036,772,6.837101176442685,minmaxnorm
185,Q0,AP890421-0123,773,6.836007522660334,minmaxnorm
185,Q0,FR881024-0103,774,6.82442186574521,minmaxnorm
185,Q0,WSJ910605-0002,775,6.822427219048208,minmaxnorm
185,Q0,WSJ911219-0058,776,6.810492151186568,minmaxnorm
185,Q0,AP890511-0013,777,6.803873485490946,minmaxnorm
185,Q0,FR89531-0106,778,6.79022077809129,minmaxnorm
185,Q0,AP880519-0263,779,6.787730086268724,minmaxnorm
185,Q0,WSJ900731-0005,780,6.777743784025979,minmaxnorm
185,Q0,FR89607-0016,781,6.7767709863674455,minmaxnorm
185,Q0,AP880518-0253,782,6.776690587052253,minmaxnorm
185,Q0,AP880728-0078,783,6.76414197441321,minmaxnorm
185,Q0,AP880724-0088,784,6.7612402743502145,minmaxnorm
185,Q0,FR89321-0028,785,6.761170348989839,minmaxnorm
185,Q0,ZF207-164-070,786,6.743950973852334,minmaxnorm
185,Q0,WSJ880408-0123,787,6.72535040259143,minmaxnorm
185,Q0,WSJ870123-0095,788,6.713123843133774,minmaxnorm
185,Q0,WSJ870709-0116,789,6.711659272982868,minmaxnorm
185,Q0,WSJ880719-0089,790,6.703460043771449,minmaxnorm
185,Q0,AP880404-0099,791,6.698665899828049,minmaxnorm
185,Q0,AP881129-0225,792,6.697509840770286,minmaxnorm
185,Q0,AP880630-0175,793,6.691434898238708,minmaxnorm
185,Q0,WSJ891002-0098,794,6.6753967043927505,minmaxnorm
185,Q0,FR89530-0024,795,6.666710580613454,minmaxnorm
185,Q0,FR88831-0026,796,6.664965742635744,minmaxnorm
185,Q0,FR891010-0080,797,6.6539866610244065,minmaxnorm
185,Q0,WSJ870615-0073,798,6.650586079964,minmaxnorm
185,Q0,FR89918-0060,799,6.63498764825647,minmaxnorm
185,Q0,WSJ920117-0065,800,6.619063227074761,minmaxnorm
185,Q0,WSJ900511-0147,801,6.6110199942606975,minmaxnorm
185,Q0,AP890116-0122,802,6.567588546599818,minmaxnorm
185,Q0,AP891218-0011,803,6.566648194910262,minmaxnorm
185,Q0,FR88928-0115,804,6.565109798356842,minmaxnorm
185,Q0,WSJ920323-0143,805,6.563978593748938,minmaxnorm
185,Q0,FR88115-0019,806,6.553962692798547,minmaxnorm
185,Q0,AP880904-0082,807,6.546974751042568,minmaxnorm
185,Q0,WSJ920129-0064,808,6.536552450647359,minmaxnorm
185,Q0,WSJ910415-0157,809,6.520238259210859,minmaxnorm
185,Q0,WSJ861204-0137,810,6.5192779146097175,minmaxnorm
185,Q0,WSJ880630-0006,811,6.517684556896619,minmaxnorm
185,Q0,ZF207-685-663,812,6.509321659085588,minmaxnorm
185,Q0,WSJ890810-0108,813,6.448687583685358,minmaxnorm
185,Q0,WSJ870708-0103,814,6.4456893455088125,minmaxnorm
185,Q0,AP890516-0008,815,6.444638096397127,minmaxnorm
185,Q0,WSJ870212-0087,816,6.430304451147904,minmaxnorm
185,Q0,AP880628-0066,817,6.406519610848845,minmaxnorm
185,Q0,AP880928-0191,818,6.388886886937193,minmaxnorm
185,Q0,FR891017-0165,819,6.383796668974182,minmaxnorm
185,Q0,FR88901-0067,820,6.3781106530259475,minmaxnorm
185,Q0,FR88209-0010,821,6.369853354509874,minmaxnorm
185,Q0,WSJ871013-0094,822,6.346108842470421,minmaxnorm
185,Q0,FR89531-0001,823,6.333284247938702,minmaxnorm
185,Q0,AP880416-0060,824,6.323307594890306,minmaxnorm
185,Q0,AP890127-0271,825,6.318948831330951,minmaxnorm
185,Q0,FR89605-0013,826,6.315132938310542,minmaxnorm
185,Q0,FR89518-0150,827,6.310544621230591,minmaxnorm
185,Q0,AP881129-0126,828,6.305718461608427,minmaxnorm
185,Q0,ZF207-320-165,829,6.289518841731903,minmaxnorm
185,Q0,AP890616-0083,830,6.271998039918542,minmaxnorm
185,Q0,AP890401-0091,831,6.270572747908081,minmaxnorm
185,Q0,WSJ911018-0094,832,6.253989016525271,minmaxnorm
185,Q0,WSJ910603-0067,833,6.251134631313757,minmaxnorm
185,Q0,WSJ870529-0149,834,6.200329366143992,minmaxnorm
185,Q0,WSJ880805-0143,835,6.197599455302174,minmaxnorm
185,Q0,FR88926-0046,836,6.195520574521903,minmaxnorm
185,Q0,ZF207-500-286,837,6.186287466030146,minmaxnorm
185,Q0,AP880307-0112,838,6.172553168583592,minmaxnorm
185,Q0,WSJ920122-0121,839,6.170358143056694,minmaxnorm
185,Q0,AP890209-0117,840,6.159128552296083,minmaxnorm
185,Q0,FR89215-0046,841,6.157492166938402,minmaxnorm
185,Q0,WSJ870105-0031,842,6.146863397859196,minmaxnorm
185,Q0,AP890419-0179,843,6.143329213954735,minmaxnorm
185,Q0,WSJ871117-0138,844,6.139754789012381,minmaxnorm
185,Q0,WSJ870730-0010,845,6.114536002052066,minmaxnorm
185,Q0,FR88929-0046,846,6.106892350115945,minmaxnorm
185,Q0,AP880304-0111,847,6.103026947437584,minmaxnorm
185,Q0,WSJ870323-0078,848,6.086971070412744,minmaxnorm
185,Q0,AP890221-0248,849,6.0795479854305885,minmaxnorm
185,Q0,FR89531-0118,850,6.078012623579836,minmaxnorm
185,Q0,AP890329-0129,851,6.058271492607235,minmaxnorm
185,Q0,AP890119-0238,852,6.038494867683271,minmaxnorm
185,Q0,WSJ871119-0125,853,6.0384472325284175,minmaxnorm
185,Q0,WSJ901226-0037,854,6.032465976493123,minmaxnorm
185,Q0,FR891107-0018,855,6.009808925134413,minmaxnorm
185,Q0,WSJ900926-0066,856,6.008441489723613,minmaxnorm
185,Q0,ZF109-619-113,857,5.976762238364952,minmaxnorm
185,Q0,WSJ880620-0165,858,5.956534312109268,minmaxnorm
185,Q0,WSJ871110-0003,859,5.9547568249167355,minmaxnorm
185,Q0,ZF207-313-839,860,5.9444759152916955,minmaxnorm
185,Q0,WSJ920204-0185,861,5.932674408009882,minmaxnorm
185,Q0,AP890805-0030,862,5.915646682628346,minmaxnorm
185,Q0,ZF108-784-834,863,5.90884737773648,minmaxnorm
185,Q0,WSJ911008-0132,864,5.905558829703392,minmaxnorm
185,Q0,WSJ910611-0163,865,5.903885225608526,minmaxnorm
185,Q0,FR89126-0116,866,5.902375341330294,minmaxnorm
185,Q0,AP891113-0119,867,5.895808028967849,minmaxnorm
185,Q0,FR89315-0030,868,5.877007799191347,minmaxnorm
185,Q0,WSJ871014-0037,869,5.869728255474502,minmaxnorm
185,Q0,WSJ880219-0082,870,5.869246230030651,minmaxnorm
185,Q0,WSJ870114-0128,871,5.860381173167859,minmaxnorm
185,Q0,AP890610-0055,872,5.852593689054862,minmaxnorm
185,Q0,AP881102-0023,873,5.849969674389615,minmaxnorm
185,Q0,FR89315-0031,874,5.849010278409286,minmaxnorm
185,Q0,FR89324-0001,875,5.839047344617912,minmaxnorm
185,Q0,AP880715-0076,876,5.837908447034774,minmaxnorm
185,Q0,FR891010-0147,877,5.824634175956493,minmaxnorm
185,Q0,AP890518-0164,878,5.822426086521076,minmaxnorm
185,Q0,DOE2-24-0998,879,5.820607038713864,minmaxnorm
185,Q0,WSJ911107-0097,880,5.818873114244167,minmaxnorm
185,Q0,FR88830-0023,881,5.817107170035511,minmaxnorm
185,Q0,WSJ870327-0037,882,5.804617132869114,minmaxnorm
185,Q0,FR891025-0034,883,5.801258629344279,minmaxnorm
185,Q0,FR89502-0024,884,5.798432263313408,minmaxnorm
185,Q0,AP890525-0044,885,5.773904057506212,minmaxnorm
185,Q0,AP890504-0048,886,5.762574093109122,minmaxnorm
185,Q0,AP880812-0020,887,5.760242247363377,minmaxnorm
185,Q0,WSJ871116-0068,888,5.756622679245934,minmaxnorm
185,Q0,WSJ911021-0132,889,5.752329852591747,minmaxnorm
185,Q0,AP880604-0031,890,5.746809739872961,minmaxnorm
185,Q0,AP890630-0220,891,5.744292414547282,minmaxnorm
185,Q0,AP890209-0267,892,5.74392806732716,minmaxnorm
185,Q0,ZF207-389-534,893,5.7408013471281745,minmaxnorm
185,Q0,FR88219-0029,894,5.738596152860765,minmaxnorm
185,Q0,AP890928-0141,895,5.729067012858258,minmaxnorm
185,Q0,WSJ890825-0145,896,5.718405272487818,minmaxnorm
185,Q0,AP880309-0223,897,5.702988716288813,minmaxnorm
185,Q0,FR88829-0023,898,5.701858211292982,minmaxnorm
185,Q0,WSJ910621-0115,899,5.695761059310551,minmaxnorm
185,Q0,AP880831-0260,900,5.682016190818981,minmaxnorm
185,Q0,AP880302-0273,901,5.6561470249269785,minmaxnorm
185,Q0,AP890607-0160,902,5.629811511331258,minmaxnorm
185,Q0,WSJ870225-0005,903,5.628150150579864,minmaxnorm
185,Q0,AP880713-0134,904,5.616276546672384,minmaxnorm
185,Q0,AP890212-0074,905,5.611520411846346,minmaxnorm
185,Q0,AP880213-0132,906,5.6075874989322205,minmaxnorm
185,Q0,WSJ911022-0184,907,5.604926416651179,minmaxnorm
185,Q0,AP881216-0003,908,5.584496290981331,minmaxnorm
185,Q0,WSJ881014-0184,909,5.580379484945554,minmaxnorm
185,Q0,WSJ920110-0092,910,5.554151222243657,minmaxnorm
185,Q0,WSJ870730-0104,911,5.5393623667269845,minmaxnorm
185,Q0,WSJ900606-0094,912,5.5310694057206575,minmaxnorm
185,Q0,WSJ911204-0108,913,5.515450274989907,minmaxnorm
185,Q0,WSJ870226-0120,914,5.502240581682498,minmaxnorm
185,Q0,WSJ881114-0102,915,5.497672672780999,minmaxnorm
185,Q0,FR89606-0002,916,5.491576664031324,minmaxnorm
185,Q0,AP880428-0187,917,5.468333059780373,minmaxnorm
185,Q0,FR89810-0022,918,5.463883755393539,minmaxnorm
185,Q0,FR89502-0082,919,5.454516443603701,minmaxnorm
185,Q0,AP880615-0150,920,5.44717780911481,minmaxnorm
185,Q0,AP880320-0039,921,5.4436582625755285,minmaxnorm
185,Q0,AP890828-0141,922,5.439934630047006,minmaxnorm
185,Q0,AP880917-0033,923,5.407264023562502,minmaxnorm
185,Q0,WSJ910320-0130,924,5.40663190947509,minmaxnorm
185,Q0,ZF108-085-138,925,5.40253648137614,minmaxnorm
185,Q0,FR88517-0032,926,5.40074700736189,minmaxnorm
185,Q0,WSJ911024-0102,927,5.373252964800776,minmaxnorm
185,Q0,AP880919-0062,928,5.371511022742102,minmaxnorm
185,Q0,WSJ870526-0154,929,5.370907580360453,minmaxnorm
185,Q0,WSJ880303-0127,930,5.359999549742009,minmaxnorm
185,Q0,AP880829-0211,931,5.358468274353988,minmaxnorm
185,Q0,AP890217-0007,932,5.34542917262928,minmaxnorm
185,Q0,WSJ920110-0027,933,5.342103433382904,minmaxnorm
185,Q0,WSJ900411-0101,934,5.3347573492892915,minmaxnorm
185,Q0,AP880425-0115,935,5.331457665233711,minmaxnorm
185,Q0,AP891207-0016,936,5.317958022774863,minmaxnorm
185,Q0,ZF108-311-896,937,5.3162351616508055,minmaxnorm
185,Q0,WSJ870402-0082,938,5.298845088186445,minmaxnorm
185,Q0,FR881026-0023,939,5.291486340234693,minmaxnorm
185,Q0,WSJ880912-0148,940,5.276224049679675,minmaxnorm
185,Q0,AP891205-0190,941,5.270152612389522,minmaxnorm
185,Q0,WSJ870429-0109,942,5.267635222006487,minmaxnorm
185,Q0,ZF109-683-801,943,5.263661282314919,minmaxnorm
185,Q0,WSJ870422-0137,944,5.249036512638828,minmaxnorm
185,Q0,WSJ900906-0089,945,5.246637591441624,minmaxnorm
185,Q0,AP890612-0133,946,5.246417590359682,minmaxnorm
185,Q0,WSJ910628-0195,947,5.233450336212424,minmaxnorm
185,Q0,AP880527-0200,948,5.220858829466472,minmaxnorm
185,Q0,FR881024-0085,949,5.219978543204039,minmaxnorm
185,Q0,FR89502-0083,950,5.203640329833744,minmaxnorm
185,Q0,FR88223-0030,951,5.196731398575242,minmaxnorm
185,Q0,AP880310-0085,952,5.18982473587926,minmaxnorm
185,Q0,AP891125-0074,953,5.18961399904559,minmaxnorm
185,Q0,WSJ870904-0128,954,5.174539357737508,minmaxnorm
185,Q0,WSJ901227-0060,955,5.172925749052466,minmaxnorm
185,Q0,FR89419-0039,956,5.168992786521641,minmaxnorm
185,Q0,WSJ880720-0128,957,5.168219172830261,minmaxnorm
185,Q0,WSJ911213-0123,958,5.154761989324512,minmaxnorm
185,Q0,ZF207-537-854,959,5.152393918584384,minmaxnorm
185,Q0,AP891015-0035,960,5.143780613729023,minmaxnorm
185,Q0,WSJ871207-0070,961,5.138466210882505,minmaxnorm
185,Q0,AP890920-0112,962,5.130024198092245,minmaxnorm
185,Q0,WSJ910520-0030,963,5.110118988523793,minmaxnorm
185,Q0,DOE2-83-0888,964,5.090596125489899,minmaxnorm
185,Q0,WSJ880713-0085,965,5.078785724511086,minmaxnorm
185,Q0,AP880713-0031,966,5.077515079518079,minmaxnorm
185,Q0,WSJ910228-0139,967,5.0758038787457895,minmaxnorm
185,Q0,AP880721-0049,968,5.058425875723209,minmaxnorm
185,Q0,WSJ900517-0106,969,5.058352564505634,minmaxnorm
185,Q0,AP880713-0016,970,5.043581065989385,minmaxnorm
185,Q0,AP880512-0022,971,5.034253214112425,minmaxnorm
185,Q0,DOE2-29-0531,972,5.03274158650043,minmaxnorm
185,Q0,FR881024-0109,973,5.028523935378998,minmaxnorm
185,Q0,WSJ870408-0031,974,5.020056955913195,minmaxnorm
185,Q0,WSJ890726-0100,975,5.001851400593037,minmaxnorm
185,Q0,AP880706-0276,976,4.997825594893726,minmaxnorm
185,Q0,WSJ900406-0086,977,4.992075103441945,minmaxnorm
185,Q0,WSJ880906-0154,978,4.987368052310786,minmaxnorm
185,Q0,FR891108-0033,979,4.983587594511535,minmaxnorm
185,Q0,WSJ881115-0103,980,4.975319592446836,minmaxnorm
185,Q0,AP890301-0251,981,4.964929937260483,minmaxnorm
185,Q0,FR89302-0010,982,4.948962422192502,minmaxnorm
185,Q0,AP881012-0108,983,4.944257479378112,minmaxnorm
185,Q0,AP880816-0247,984,4.938898986820388,minmaxnorm
185,Q0,WSJ880108-0039,985,4.938782474188182,minmaxnorm
185,Q0,WSJ910521-0081,986,4.921422416815602,minmaxnorm
185,Q0,WSJ900604-0042,987,4.917994493703357,minmaxnorm
185,Q0,ZF108-818-154,988,4.91102662690374,minmaxnorm
185,Q0,ZF107-921-410,989,4.909733916526555,minmaxnorm
185,Q0,WSJ880818-0131,990,4.907678987528939,minmaxnorm
185,Q0,WSJ880630-0010,991,4.906450424716037,minmaxnorm
185,Q0,AP880608-0078,992,4.903397186418502,minmaxnorm
185,Q0,WSJ881117-0120,993,4.90208462054177,minmaxnorm
185,Q0,WSJ911002-0051,994,4.894702472034845,minmaxnorm
185,Q0,WSJ920310-0110,995,4.890595581686858,minmaxnorm
185,Q0,AP880702-0104,996,4.884129641984339,minmaxnorm
185,Q0,ZF109-526-493,997,4.880819689395286,minmaxnorm
185,Q0,AP881021-0265,998,4.879707662214949,minmaxnorm
185,Q0,WSJ900823-0107,999,4.876779812306926,minmaxnorm
185,Q0,AP880901-0238,1000,4.868308106850324,minmaxnorm
195,Q0,AP891103-0273,1,68.71632095928601,minmaxnorm
195,Q0,AP891016-0276,2,68.3256309831859,minmaxnorm
195,Q0,AP880413-0272,3,65.47026817613583,minmaxnorm
195,Q0,WSJ861205-0117,4,63.0495245142582,minmaxnorm
195,Q0,AP880512-0010,5,61.12131055683023,minmaxnorm
195,Q0,AP891017-0231,6,60.75766909468851,minmaxnorm
195,Q0,AP891102-0214,7,60.44377400071108,minmaxnorm
195,Q0,AP891018-0243,8,59.018148678417795,minmaxnorm
195,Q0,WSJ900612-0003,9,58.56616167096543,minmaxnorm
195,Q0,WSJ891019-0080,10,57.75786001042378,minmaxnorm
195,Q0,AP891109-0162,11,56.40282984184674,minmaxnorm
195,Q0,AP891030-0277,12,54.24722753605042,minmaxnorm
195,Q0,ZF207-848-032,13,53.807938141630096,minmaxnorm
195,Q0,AP881019-0032,14,53.288100408503745,minmaxnorm
195,Q0,AP891017-0217,15,53.05305085134231,minmaxnorm
195,Q0,WSJ900614-0068,16,52.03869805790549,minmaxnorm
195,Q0,AP881017-0251,17,51.9314421456796,minmaxnorm
195,Q0,WSJ880226-0150,18,51.140646255727475,minmaxnorm
195,Q0,AP891110-0216,19,51.09719771060477,minmaxnorm
195,Q0,AP880505-0228,20,50.611499408382706,minmaxnorm
195,Q0,WSJ880502-0018,21,49.674136987899615,minmaxnorm
195,Q0,WSJ891018-0058,22,49.45721573442532,minmaxnorm
195,Q0,AP880708-0262,23,49.13915749666121,minmaxnorm
195,Q0,AP891016-0285,24,48.86685672210156,minmaxnorm
195,Q0,AP880421-0310,25,48.36684017589243,minmaxnorm
195,Q0,AP891013-0180,26,48.30804174216862,minmaxnorm
195,Q0,AP881018-0189,27,48.29670532629077,minmaxnorm
195,Q0,AP880707-0160,28,47.314483417513145,minmaxnorm
195,Q0,WSJ891102-0074,29,46.19878291537798,minmaxnorm
195,Q0,AP891025-0257,30,45.91232415977189,minmaxnorm
195,Q0,AP880421-0306,31,45.324299600678316,minmaxnorm
195,Q0,AP880802-0288,32,44.81008370525373,minmaxnorm
195,Q0,WSJ880325-0127,33,44.71514935046989,minmaxnorm
195,Q0,AP880510-0314,34,43.52098836329812,minmaxnorm
195,Q0,WSJ871110-0029,35,43.45399771394754,minmaxnorm
195,Q0,WSJ871007-0015,36,43.18383108956809,minmaxnorm
195,Q0,AP880830-0234,37,42.472463933840714,minmaxnorm
195,Q0,WSJ900724-0114,38,42.16511324668105,minmaxnorm
195,Q0,WSJ891102-0043,39,42.0940819173133,minmaxnorm
195,Q0,AP880414-0285,40,41.85404139290725,minmaxnorm
195,Q0,AP890424-0288,41,41.66543363776497,minmaxnorm
195,Q0,AP880415-0251,42,41.645531007213854,minmaxnorm
195,Q0,WSJ891030-0114,43,41.54863776727732,minmaxnorm
195,Q0,AP880414-0278,44,41.39261136918289,minmaxnorm
195,Q0,ZF207-872-514,45,41.13557944213015,minmaxnorm
195,Q0,WSJ880614-0128,46,39.753570248745305,minmaxnorm
195,Q0,WSJ890804-0051,47,39.69877136832336,minmaxnorm
195,Q0,AP880511-0344,48,39.458290658968025,minmaxnorm
195,Q0,ZF207-805-358,49,39.039750869569566,minmaxnorm
195,Q0,WSJ891026-0080,50,39.03167488459801,minmaxnorm
195,Q0,ZF207-889-096,51,38.75996584008034,minmaxnorm
195,Q0,WSJ871105-0098,52,38.71409798727268,minmaxnorm
195,Q0,AP891115-0257,53,38.66275237801414,minmaxnorm
195,Q0,WSJ880125-0082,54,38.54379059375743,minmaxnorm
195,Q0,WSJ890726-0007,55,38.530472397481134,minmaxnorm
195,Q0,WSJ910507-0063,56,38.436368012725666,minmaxnorm
195,Q0,WSJ880121-0095,57,38.37460591350183,minmaxnorm
195,Q0,WSJ891031-0114,58,38.145938185888745,minmaxnorm
195,Q0,AP891212-0257,59,38.123458353093234,minmaxnorm
195,Q0,WSJ891030-0014,60,37.53602603504375,minmaxnorm
195,Q0,WSJ871002-0119,61,36.71733768097291,minmaxnorm
195,Q0,AP891027-0223,62,35.98130746681683,minmaxnorm
195,Q0,AP880511-0303,63,35.839665386759116,minmaxnorm
195,Q0,WSJ880524-0046,64,35.710680433716874,minmaxnorm
195,Q0,AP890816-0263,65,35.60943516772653,minmaxnorm
195,Q0,WSJ900531-0043,66,35.45319388860034,minmaxnorm
195,Q0,AP880511-0325,67,35.13549734688594,minmaxnorm
195,Q0,AP881015-0179,68,34.98669678233512,minmaxnorm
195,Q0,WSJ900628-0089,69,34.914495325795514,minmaxnorm
195,Q0,AP880512-0294,70,34.67345521272716,minmaxnorm
195,Q0,AP880412-0186,71,34.179415868538285,minmaxnorm
195,Q0,WSJ870119-0068,72,34.135898396625734,minmaxnorm
195,Q0,WSJ891017-0014,73,34.097524548972565,minmaxnorm
195,Q0,ZF207-096-870,74,33.92255194355287,minmaxnorm
195,Q0,ZF108-206-690,75,33.914785290137544,minmaxnorm
195,Q0,AP880802-0283,76,33.66484600021033,minmaxnorm
195,Q0,AP890728-0244,77,33.58862714990108,minmaxnorm
195,Q0,ZF207-782-332,78,33.57089953672115,minmaxnorm
195,Q0,AP891115-0284,79,33.55065311950385,minmaxnorm
195,Q0,WSJ871117-0105,80,33.519963697261616,minmaxnorm
195,Q0,AP880719-0297,81,33.45699715886974,minmaxnorm
195,Q0,WSJ871020-0008,82,33.19619179556017,minmaxnorm
195,Q0,WSJ910710-0098,83,33.15360085012945,minmaxnorm
195,Q0,AP891016-0283,84,32.92878866581985,minmaxnorm
195,Q0,AP880423-0188,85,32.55934574054088,minmaxnorm
195,Q0,AP880617-0268,86,32.425434299344005,minmaxnorm
195,Q0,AP891025-0304,87,32.35810914236003,minmaxnorm
195,Q0,AP880706-0315,88,32.35783966165957,minmaxnorm
195,Q0,AP880419-0029,89,32.24888790710928,minmaxnorm
195,Q0,AP891101-0112,90,32.207739290647744,minmaxnorm
195,Q0,WSJ891101-0015,91,32.1724899864598,minmaxnorm
195,Q0,WSJ871020-0002,92,32.16192530473229,minmaxnorm
195,Q0,AP880420-0203,93,32.08330170672552,minmaxnorm
195,Q0,WSJ880715-0037,94,31.985703942633698,minmaxnorm
195,Q0,WSJ900426-0001,95,31.793004114433945,minmaxnorm
195,Q0,WSJ880121-0003,96,31.768827369731238,minmaxnorm
195,Q0,AP880407-0261,97,31.678950182943442,minmaxnorm
195,Q0,AP880809-0231,98,31.637469037529033,minmaxnorm
195,Q0,WSJ871109-0147,99,31.45812568971398,minmaxnorm
195,Q0,WSJ891016-0044,100,31.400487259973794,minmaxnorm
195,Q0,WSJ880114-0033,101,31.377718200549243,minmaxnorm
195,Q0,WSJ880720-0014,102,31.34788968626799,minmaxnorm
195,Q0,WSJ910925-0023,103,31.27154821176119,minmaxnorm
195,Q0,WSJ910117-0064,104,31.262936216454193,minmaxnorm
195,Q0,WSJ870415-0047,105,30.969160922357666,minmaxnorm
195,Q0,WSJ880603-0014,106,30.943773786278197,minmaxnorm
195,Q0,WSJ891025-0020,107,30.8755593709503,minmaxnorm
195,Q0,AP891013-0184,108,30.357923963843312,minmaxnorm
195,Q0,AP880827-0158,109,30.30065768153075,minmaxnorm
195,Q0,WSJ900503-0087,110,30.209276148485127,minmaxnorm
195,Q0,WSJ871109-0101,111,30.018996452920053,minmaxnorm
195,Q0,AP891108-0298,112,29.580589624687185,minmaxnorm
195,Q0,WSJ870318-0013,113,29.47501438567842,minmaxnorm
195,Q0,WSJ900410-0029,114,29.457123991844114,minmaxnorm
195,Q0,WSJ920116-0112,115,29.403045797033993,minmaxnorm
195,Q0,AP891107-0303,116,29.395979099018376,minmaxnorm
195,Q0,WSJ910724-0077,117,29.218481506429807,minmaxnorm
195,Q0,WSJ900420-0115,118,29.21632641172529,minmaxnorm
195,Q0,WSJ880202-0088,119,29.155625133483532,minmaxnorm
195,Q0,WSJ900404-0161,120,29.07079953156758,minmaxnorm
195,Q0,WSJ910104-0035,121,29.022227114558845,minmaxnorm
195,Q0,WSJ910613-0092,122,28.984816004810934,minmaxnorm
195,Q0,AP880508-0096,123,28.941134677131856,minmaxnorm
195,Q0,AP880719-0306,124,28.685539505905652,minmaxnorm
195,Q0,AP880929-0263,125,28.673224737576213,minmaxnorm
195,Q0,AP891031-0235,126,28.572064217785346,minmaxnorm
195,Q0,WSJ911216-0142,127,28.499770238825064,minmaxnorm
195,Q0,WSJ891017-0175,128,28.474614355916664,minmaxnorm
195,Q0,WSJ890928-0047,129,28.465308554956803,minmaxnorm
195,Q0,WSJ910118-0042,130,28.29632390354469,minmaxnorm
195,Q0,WSJ861218-0019,131,28.087156853388354,minmaxnorm
195,Q0,WSJ871028-0086,132,27.96289559580794,minmaxnorm
195,Q0,WSJ891102-0070,133,27.834844065486482,minmaxnorm
195,Q0,AP890721-0239,134,27.76550575440603,minmaxnorm
195,Q0,WSJ910911-0061,135,27.721974038420594,minmaxnorm
195,Q0,WSJ871023-0049,136,27.586478735412943,minmaxnorm
195,Q0,AP880317-0276,137,27.526685208650463,minmaxnorm
195,Q0,WSJ871111-0050,138,27.497089289072303,minmaxnorm
195,Q0,WSJ900530-0090,139,27.421238975352104,minmaxnorm
195,Q0,AP890926-0250,140,27.411225650324035,minmaxnorm
195,Q0,WSJ880112-0074,141,27.3915490814559,minmaxnorm
195,Q0,WSJ910821-0065,142,27.285968436989137,minmaxnorm
195,Q0,ZF207-747-226,143,26.967412171842398,minmaxnorm
195,Q0,AP891018-0239,144,26.85865068385231,minmaxnorm
195,Q0,AP881101-0228,145,26.520797550273734,minmaxnorm
195,Q0,WSJ870625-0127,146,26.49967117906618,minmaxnorm
195,Q0,AP891006-0212,147,26.48817131687842,minmaxnorm
195,Q0,WSJ871022-0026,148,26.273049298793435,minmaxnorm
195,Q0,WSJ880208-0003,149,26.161231862787986,minmaxnorm
195,Q0,WSJ891027-0153,150,26.08705578542151,minmaxnorm
195,Q0,WSJ880713-0013,151,25.803412204565777,minmaxnorm
195,Q0,WSJ900417-0012,152,25.708291964147755,minmaxnorm
195,Q0,AP891101-0282,153,25.586459522239753,minmaxnorm
195,Q0,AP890613-0236,154,25.548909659633573,minmaxnorm
195,Q0,WSJ890829-0007,155,25.4466476927336,minmaxnorm
195,Q0,WSJ900823-0002,156,25.398434022661707,minmaxnorm
195,Q0,WSJ871216-0062,157,25.303575867865263,minmaxnorm
195,Q0,AP890424-0263,158,25.16355408047364,minmaxnorm
195,Q0,WSJ911025-0060,159,25.15597559829975,minmaxnorm
195,Q0,ZF207-798-874,160,25.125794469803896,minmaxnorm
195,Q0,WSJ871021-0056,161,25.089326224499693,minmaxnorm
195,Q0,ZF207-805-334,162,24.872026279890314,minmaxnorm
195,Q0,AP891212-0238,163,24.864933147491623,minmaxnorm
195,Q0,WSJ891027-0033,164,24.782165069709457,minmaxnorm
195,Q0,WSJ870722-0046,165,24.775720650788546,minmaxnorm
195,Q0,AP890721-0255,166,24.70681101596419,minmaxnorm
195,Q0,WSJ871020-0001,167,24.52595392290427,minmaxnorm
195,Q0,AP890215-0264,168,24.50490431852609,minmaxnorm
195,Q0,AP890721-0244,169,24.488862572872286,minmaxnorm
195,Q0,AP890424-0277,170,24.476314669518526,minmaxnorm
195,Q0,AP880407-0107,171,24.452496966525125,minmaxnorm
195,Q0,WSJ871214-0015,172,24.373153650703472,minmaxnorm
195,Q0,WSJ890802-0110,173,24.198439729257423,minmaxnorm
195,Q0,WSJ900830-0122,174,24.185916219203,minmaxnorm
195,Q0,WSJ910124-0021,175,24.182698942801203,minmaxnorm
195,Q0,ZF107-960-282,176,24.174235648818772,minmaxnorm
195,Q0,WSJ881004-0109,177,24.08171227127123,minmaxnorm
195,Q0,AP891016-0264,178,24.073021422560732,minmaxnorm
195,Q0,WSJ870615-0025,179,24.071692134732825,minmaxnorm
195,Q0,WSJ880316-0066,180,23.950055142895135,minmaxnorm
195,Q0,WSJ870427-0079,181,23.61215478837271,minmaxnorm
195,Q0,WSJ871217-0099,182,23.456712941137795,minmaxnorm
195,Q0,AP880502-0287,183,23.401904497404107,minmaxnorm
195,Q0,WSJ891030-0176,184,23.24467950174906,minmaxnorm
195,Q0,WSJ890726-0097,185,22.979805341054746,minmaxnorm
195,Q0,WSJ880415-0053,186,22.884051243784242,minmaxnorm
195,Q0,WSJ911017-0174,187,22.823244952133873,minmaxnorm
195,Q0,WSJ920131-0177,188,22.789589319932123,minmaxnorm
195,Q0,WSJ911127-0093,189,22.715416238352713,minmaxnorm
195,Q0,ZF107-937-570,190,22.514226726532815,minmaxnorm
195,Q0,WSJ870310-0038,191,22.31461978963555,minmaxnorm
195,Q0,AP891018-0253,192,22.270013190353076,minmaxnorm
195,Q0,WSJ880419-0139,193,22.115503790043647,minmaxnorm
195,Q0,WSJ891027-0078,194,22.100731274282623,minmaxnorm
195,Q0,WSJ900608-0089,195,22.090113874705764,minmaxnorm
195,Q0,WSJ881007-0154,196,22.08848072837213,minmaxnorm
195,Q0,WSJ871023-0024,197,22.082222923996948,minmaxnorm
195,Q0,WSJ880311-0011,198,22.07479029399553,minmaxnorm
195,Q0,WSJ890726-0115,199,22.02455472764761,minmaxnorm
195,Q0,AP890721-0229,200,21.95922564664928,minmaxnorm
195,Q0,AP890424-0284,201,21.909121870619803,minmaxnorm
195,Q0,AP890612-0275,202,21.870201843581782,minmaxnorm
195,Q0,AP891206-0200,203,21.8496975799272,minmaxnorm
195,Q0,ZF207-854-108,204,21.776626819478583,minmaxnorm
195,Q0,WSJ890811-0150,205,21.76931325756105,minmaxnorm
195,Q0,WSJ900522-0132,206,21.765954564204876,minmaxnorm
195,Q0,AP880519-0312,207,21.758677084524514,minmaxnorm
195,Q0,AP880411-0259,208,21.700297348958625,minmaxnorm
195,Q0,WSJ880422-0013,209,21.68321664634876,minmaxnorm
195,Q0,AP881129-0262,210,21.677092171320204,minmaxnorm
195,Q0,WSJ880422-0055,211,21.635305160937826,minmaxnorm
195,Q0,AP891016-0279,212,21.63432210040436,minmaxnorm
195,Q0,WSJ911202-0013,213,21.596581334610686,minmaxnorm
195,Q0,WSJ871120-0001,214,21.529928712706976,minmaxnorm
195,Q0,AP890615-0284,215,21.501725252218474,minmaxnorm
195,Q0,AP891101-0224,216,21.499477218902307,minmaxnorm
195,Q0,WSJ900807-0045,217,21.38812968951896,minmaxnorm
195,Q0,WSJ910322-0152,218,21.267547579938977,minmaxnorm
195,Q0,WSJ890811-0091,219,21.231413798884432,minmaxnorm
195,Q0,WSJ891017-0166,220,21.1414550977389,minmaxnorm
195,Q0,AP880421-0293,221,20.888616452152856,minmaxnorm
195,Q0,AP890509-0192,222,20.883760478666815,minmaxnorm
195,Q0,WSJ870324-0047,223,20.88166305933817,minmaxnorm
195,Q0,AP890605-0167,224,20.757577775524044,minmaxnorm
195,Q0,WSJ900427-0071,225,20.7366643923676,minmaxnorm
195,Q0,WSJ880927-0121,226,20.709226664553462,minmaxnorm
195,Q0,WSJ890808-0072,227,20.681370113406867,minmaxnorm
195,Q0,WSJ891027-0116,228,20.635554920525966,minmaxnorm
195,Q0,AP880412-0280,229,20.505001657482836,minmaxnorm
195,Q0,WSJ900531-0013,230,20.42103661623528,minmaxnorm
195,Q0,AP890424-0266,231,20.399252235129932,minmaxnorm
195,Q0,AP880722-0299,232,20.388996160299794,minmaxnorm
195,Q0,WSJ910215-0073,233,20.372529696692677,minmaxnorm
195,Q0,AP890808-0203,234,20.341869235219665,minmaxnorm
195,Q0,WSJ920304-0033,235,20.33218731139967,minmaxnorm
195,Q0,ZF207-833-226,236,20.291393982299088,minmaxnorm
195,Q0,WSJ880630-0037,237,20.25106009745304,minmaxnorm
195,Q0,WSJ891026-0056,238,20.21465718351427,minmaxnorm
195,Q0,AP891211-0310,239,20.13689962511486,minmaxnorm
195,Q0,WSJ880111-0073,240,20.093178108009017,minmaxnorm
195,Q0,AP880809-0216,241,20.082261119414408,minmaxnorm
195,Q0,WSJ880830-0126,242,19.91197135157156,minmaxnorm
195,Q0,WSJ900926-0081,243,19.802789085592817,minmaxnorm
195,Q0,WSJ891006-0105,244,19.7337889613249,minmaxnorm
195,Q0,WSJ910726-0076,245,19.70630586020075,minmaxnorm
195,Q0,WSJ900823-0096,246,19.694936823852437,minmaxnorm
195,Q0,WSJ910305-0005,247,19.693825273665748,minmaxnorm
195,Q0,AP891208-0232,248,19.67486912588592,minmaxnorm
195,Q0,AP880706-0318,249,19.577014329848193,minmaxnorm
195,Q0,WSJ900809-0090,250,19.49489848224548,minmaxnorm
195,Q0,AP890721-0218,251,19.460074181362003,minmaxnorm
195,Q0,AP880929-0270,252,19.42239263417805,minmaxnorm
195,Q0,WSJ871216-0063,253,19.421974959549434,minmaxnorm
195,Q0,WSJ891016-0166,254,19.284104601417212,minmaxnorm
195,Q0,WSJ890831-0116,255,19.268886865605424,minmaxnorm
195,Q0,WSJ910108-0030,256,19.263386717765332,minmaxnorm
195,Q0,ZF207-381-878,257,19.227037334561196,minmaxnorm
195,Q0,AP890116-0204,258,19.180552388744903,minmaxnorm
195,Q0,WSJ870113-0041,259,19.12775660823535,minmaxnorm
195,Q0,WSJ870415-0051,260,19.124982424593448,minmaxnorm
195,Q0,WSJ880111-0001,261,19.12272617018816,minmaxnorm
195,Q0,AP881209-0231,262,19.07759307789109,minmaxnorm
195,Q0,WSJ910109-0163,263,19.068316048203364,minmaxnorm
195,Q0,WSJ871005-0004,264,19.063117471086798,minmaxnorm
195,Q0,AP880824-0289,265,19.046956195530242,minmaxnorm
195,Q0,WSJ880519-0015,266,19.032042453459656,minmaxnorm
195,Q0,WSJ900406-0053,267,18.977803645412205,minmaxnorm
195,Q0,AP890613-0240,268,18.912165946231223,minmaxnorm
195,Q0,WSJ910820-0051,269,18.903179567287136,minmaxnorm
195,Q0,AP891013-0188,270,18.86051682352072,minmaxnorm
195,Q0,ZF207-721-918,271,18.85012703453875,minmaxnorm
195,Q0,WSJ900420-0127,272,18.841804357475368,minmaxnorm
195,Q0,WSJ880711-0113,273,18.7942159837453,minmaxnorm
195,Q0,WSJ900524-0100,274,18.74845993229042,minmaxnorm
195,Q0,AP890906-0294,275,18.70178318877406,minmaxnorm
195,Q0,WSJ910214-0075,276,18.69330352423666,minmaxnorm
195,Q0,WSJ880922-0077,277,18.531818846312266,minmaxnorm
195,Q0,AP890612-0264,278,18.518245750465166,minmaxnorm
195,Q0,ZF109-446-619,279,18.51490331978315,minmaxnorm
195,Q0,WSJ880125-0016,280,18.512806110953097,minmaxnorm
195,Q0,AP880920-0278,281,18.494881679077533,minmaxnorm
195,Q0,WSJ880120-0131,282,18.489906079427083,minmaxnorm
195,Q0,WSJ880715-0042,283,18.412144060597527,minmaxnorm
195,Q0,WSJ900607-0069,284,18.37338626210851,minmaxnorm
195,Q0,AP880411-0264,285,18.33498852989352,minmaxnorm
195,Q0,AP890530-0270,286,18.320016055963013,minmaxnorm
195,Q0,WSJ871120-0021,287,18.307951986267444,minmaxnorm
195,Q0,WSJ900412-0047,288,18.30582122379917,minmaxnorm
195,Q0,AP880521-0207,289,18.291857615800936,minmaxnorm
195,Q0,WSJ880718-0010,290,18.240169991996947,minmaxnorm
195,Q0,WSJ910812-0150,291,18.237929754224734,minmaxnorm
195,Q0,WSJ890912-0089,292,18.229189525543706,minmaxnorm
195,Q0,AP881215-0294,293,18.197106602402187,minmaxnorm
195,Q0,AP890116-0218,294,18.113515985155573,minmaxnorm
195,Q0,WSJ900906-0010,295,18.042959877551766,minmaxnorm
195,Q0,WSJ920212-0125,296,18.02565170500093,minmaxnorm
195,Q0,WSJ880111-0003,297,17.930970935551958,minmaxnorm
195,Q0,AP881021-0252,298,17.817799603414663,minmaxnorm
195,Q0,AP880707-0178,299,17.799463675228743,minmaxnorm
195,Q0,AP890721-0224,300,17.771972857010425,minmaxnorm
195,Q0,WSJ880106-0014,301,17.771750197342858,minmaxnorm
195,Q0,WSJ910613-0068,302,17.706280358520193,minmaxnorm
195,Q0,AP880809-0225,303,17.675844283398902,minmaxnorm
195,Q0,WSJ891027-0176,304,17.65833338537069,minmaxnorm
195,Q0,WSJ871016-0053,305,17.65074538982202,minmaxnorm
195,Q0,AP891030-0286,306,17.611222884933763,minmaxnorm
195,Q0,AP880606-0291,307,17.59909450778193,minmaxnorm
195,Q0,WSJ871229-0015,308,17.53209098842858,minmaxnorm
195,Q0,WSJ900830-0137,309,17.50299453034271,minmaxnorm
195,Q0,AP890721-0213,310,17.43119056028277,minmaxnorm
195,Q0,WSJ881019-0080,311,17.39234005798954,minmaxnorm
195,Q0,AP880729-0295,312,17.35233414282009,minmaxnorm
195,Q0,WSJ900613-0075,313,17.352257365597332,minmaxnorm
195,Q0,WSJ900515-0119,314,17.33793314220286,minmaxnorm
195,Q0,AP890317-0261,315,17.308493761793926,minmaxnorm
195,Q0,WSJ890804-0125,316,17.283167770517398,minmaxnorm
195,Q0,WSJ900424-0038,317,17.27142177423867,minmaxnorm
195,Q0,WSJ910802-0003,318,17.206157130119248,minmaxnorm
195,Q0,WSJ880317-0045,319,17.15854772876483,minmaxnorm
195,Q0,AP891016-0121,320,17.147040294853984,minmaxnorm
195,Q0,AP891016-0268,321,17.132497108995327,minmaxnorm
195,Q0,AP881129-0209,322,17.103736575288927,minmaxnorm
195,Q0,AP881102-0289,323,17.028297180243328,minmaxnorm
195,Q0,WSJ891005-0092,324,16.964721371432567,minmaxnorm
195,Q0,WSJ880205-0055,325,16.935199090500596,minmaxnorm
195,Q0,WSJ880211-0031,326,16.902516528510287,minmaxnorm
195,Q0,AP890317-0257,327,16.873675808573836,minmaxnorm
195,Q0,WSJ910501-0009,328,16.866222263028213,minmaxnorm
195,Q0,AP881019-0061,329,16.83190395442349,minmaxnorm
195,Q0,WSJ910222-0128,330,16.772163167451648,minmaxnorm
195,Q0,WSJ880603-0178,331,16.749772064027248,minmaxnorm
195,Q0,AP881021-0268,332,16.74001777488381,minmaxnorm
195,Q0,AP880311-0315,333,16.678814781146535,minmaxnorm
195,Q0,WSJ920115-0049,334,16.61100573324511,minmaxnorm
195,Q0,ZF109-666-849,335,16.58313703584078,minmaxnorm
195,Q0,WSJ880211-0071,336,16.540529597192506,minmaxnorm
195,Q0,WSJ880708-0046,337,16.53822162976226,minmaxnorm
195,Q0,AP891101-0135,338,16.529839637630953,minmaxnorm
195,Q0,WSJ880119-0033,339,16.525846475941687,minmaxnorm
195,Q0,WSJ910516-0025,340,16.444769310908853,minmaxnorm
195,Q0,WSJ870102-0184,341,16.425886092173215,minmaxnorm
195,Q0,AP890316-0285,342,16.37499145499487,minmaxnorm
195,Q0,WSJ890726-0011,343,16.247203118593017,minmaxnorm
195,Q0,AP880810-0322,344,16.22180700768375,minmaxnorm
195,Q0,ZF108-033-144,345,16.21491708301805,minmaxnorm
195,Q0,WSJ911127-0050,346,16.20530012000387,minmaxnorm
195,Q0,WSJ870126-0036,347,16.18273922276167,minmaxnorm
195,Q0,WSJ900522-0095,348,16.175259950917358,minmaxnorm
195,Q0,WSJ891102-0159,349,16.11368470731371,minmaxnorm
195,Q0,WSJ880512-0089,350,16.082610008998127,minmaxnorm
195,Q0,AP890615-0278,351,16.01491871301964,minmaxnorm
195,Q0,AP891104-0018,352,15.96547887957014,minmaxnorm
195,Q0,WSJ910524-0054,353,15.933744036119318,minmaxnorm
195,Q0,WSJ871019-0077,354,15.911801328674613,minmaxnorm
195,Q0,WSJ880706-0023,355,15.847593647898838,minmaxnorm
195,Q0,WSJ880926-0112,356,15.837848295014293,minmaxnorm
195,Q0,AP881003-0218,357,15.801944932166645,minmaxnorm
195,Q0,WSJ920302-0025,358,15.769751883268201,minmaxnorm
195,Q0,WSJ890829-0064,359,15.726501956322053,minmaxnorm
195,Q0,WSJ920123-0036,360,15.664145034155354,minmaxnorm
195,Q0,AP880930-0245,361,15.663243457303125,minmaxnorm
195,Q0,ZF109-477-071,362,15.657164223847337,minmaxnorm
195,Q0,AP891024-0274,363,15.613961792764838,minmaxnorm
195,Q0,WSJ880829-0142,364,15.605677423159717,minmaxnorm
195,Q0,WSJ880125-0055,365,15.566995910592663,minmaxnorm
195,Q0,WSJ900724-0050,366,15.5358112509478,minmaxnorm
195,Q0,WSJ910213-0040,367,15.497704640348589,minmaxnorm
195,Q0,WSJ880111-0039,368,15.496975851490358,minmaxnorm
195,Q0,WSJ920306-0140,369,15.472757441891469,minmaxnorm
195,Q0,AP880720-0289,370,15.470153757468115,minmaxnorm
195,Q0,WSJ920116-0109,371,15.464921108477881,minmaxnorm
195,Q0,WSJ891026-0037,372,15.464221051937441,minmaxnorm
195,Q0,AP881209-0201,373,15.46050704474515,minmaxnorm
195,Q0,AP890918-0032,374,15.428131360970447,minmaxnorm
195,Q0,WSJ910926-0103,375,15.409939879093903,minmaxnorm
195,Q0,AP890522-0337,376,15.393620988601679,minmaxnorm
195,Q0,WSJ891025-0088,377,15.378740284483994,minmaxnorm
195,Q0,WSJ870727-0142,378,15.349972667670432,minmaxnorm
195,Q0,ZF207-456-366,379,15.34469032590855,minmaxnorm
195,Q0,ZF107-937-620,380,15.244572064200028,minmaxnorm
195,Q0,AP881017-0264,381,15.242551678285146,minmaxnorm
195,Q0,WSJ920127-0046,382,15.234129743093158,minmaxnorm
195,Q0,WSJ890811-0118,383,15.227829269481411,minmaxnorm
195,Q0,WSJ900620-0074,384,15.19972675735251,minmaxnorm
195,Q0,WSJ900417-0086,385,15.18581942353346,minmaxnorm
195,Q0,AP890228-0214,386,15.176382537778409,minmaxnorm
195,Q0,AP891026-0269,387,15.172442495845686,minmaxnorm
195,Q0,WSJ900419-0072,388,15.161605536308317,minmaxnorm
195,Q0,WSJ891018-0097,389,15.15730858992546,minmaxnorm
195,Q0,WSJ911025-0068,390,15.149122492927676,minmaxnorm
195,Q0,WSJ900912-0087,391,15.139715546816792,minmaxnorm
195,Q0,WSJ880208-0034,392,15.087067795547549,minmaxnorm
195,Q0,ZF108-585-094,393,15.083255708490604,minmaxnorm
195,Q0,AP881209-0211,394,15.075708658893475,minmaxnorm
195,Q0,WSJ911104-0028,395,15.022077294476466,minmaxnorm
195,Q0,WSJ880224-0031,396,15.016317617383352,minmaxnorm
195,Q0,WSJ881010-0105,397,15.013868033907919,minmaxnorm
195,Q0,AP881019-0281,398,14.980018925851228,minmaxnorm
195,Q0,WSJ910507-0064,399,14.916009115927633,minmaxnorm
195,Q0,AP891016-0042,400,14.915796520069458,minmaxnorm
195,Q0,WSJ870331-0003,401,14.854930928178595,minmaxnorm
195,Q0,WSJ890914-0094,402,14.849288269202791,minmaxnorm
195,Q0,AP891206-0176,403,14.848668468595058,minmaxnorm
195,Q0,AP891031-0270,404,14.829022141806012,minmaxnorm
195,Q0,WSJ910523-0029,405,14.813513967715101,minmaxnorm
195,Q0,AP880218-0273,406,14.810972430391073,minmaxnorm
195,Q0,WSJ870903-0019,407,14.794711634918928,minmaxnorm
195,Q0,WSJ871019-0007,408,14.736662957543277,minmaxnorm
195,Q0,WSJ880317-0108,409,14.712485629421675,minmaxnorm
195,Q0,WSJ870727-0017,410,14.700814949888066,minmaxnorm
195,Q0,WSJ870130-0061,411,14.690637293345628,minmaxnorm
195,Q0,AP880317-0273,412,14.68126635654871,minmaxnorm
195,Q0,WSJ880105-0079,413,14.623207782532038,minmaxnorm
195,Q0,AP891027-0242,414,14.602603126009365,minmaxnorm
195,Q0,AP880415-0242,415,14.517233949605458,minmaxnorm
195,Q0,WSJ900705-0142,416,14.513655526422713,minmaxnorm
195,Q0,WSJ890828-0099,417,14.507162021064534,minmaxnorm
195,Q0,AP881206-0243,418,14.494652801109885,minmaxnorm
195,Q0,WSJ910523-0034,419,14.494116874292299,minmaxnorm
195,Q0,WSJ900823-0086,420,14.420882118487045,minmaxnorm
195,Q0,WSJ880104-0058,421,14.414481110474298,minmaxnorm
195,Q0,AP891016-0196,422,14.414009783653437,minmaxnorm
195,Q0,WSJ910201-0082,423,14.402680549397651,minmaxnorm
195,Q0,AP881115-0274,424,14.397996962602384,minmaxnorm
195,Q0,WSJ910128-0087,425,14.375151414032917,minmaxnorm
195,Q0,AP880412-0260,426,14.346017734359275,minmaxnorm
195,Q0,WSJ890918-0136,427,14.328672429196635,minmaxnorm
195,Q0,WSJ891025-0079,428,14.31706063392809,minmaxnorm
195,Q0,AP880502-0270,429,14.31310806373966,minmaxnorm
195,Q0,WSJ920116-0047,430,14.313016877308268,minmaxnorm
195,Q0,WSJ900928-0107,431,14.312179275453692,minmaxnorm
195,Q0,WSJ880622-0088,432,14.30443314550408,minmaxnorm
195,Q0,WSJ891027-0108,433,14.295204769061405,minmaxnorm
195,Q0,AP891104-0133,434,14.276104174515998,minmaxnorm
195,Q0,WSJ910716-0126,435,14.262595227086775,minmaxnorm
195,Q0,WSJ911206-0084,436,14.262463623995233,minmaxnorm
195,Q0,WSJ880512-0095,437,14.232531705473354,minmaxnorm
195,Q0,AP891211-0301,438,14.22962798513139,minmaxnorm
195,Q0,ZF207-096-922,439,14.222648604405999,minmaxnorm
195,Q0,WSJ880113-0071,440,14.159609043570653,minmaxnorm
195,Q0,WSJ870902-0049,441,14.130206311311047,minmaxnorm
195,Q0,WSJ911119-0008,442,14.127427399970603,minmaxnorm
195,Q0,WSJ910521-0125,443,14.122144906201811,minmaxnorm
195,Q0,WSJ900927-0005,444,14.107442318684026,minmaxnorm
195,Q0,WSJ911219-0056,445,14.065570827634254,minmaxnorm
195,Q0,WSJ910430-0117,446,14.060863035341322,minmaxnorm
195,Q0,WSJ890727-0100,447,14.060661013506703,minmaxnorm
195,Q0,WSJ891006-0163,448,14.03892319392644,minmaxnorm
195,Q0,WSJ910225-0157,449,14.023374765894824,minmaxnorm
195,Q0,WSJ880816-0098,450,13.908578401855161,minmaxnorm
195,Q0,ZF207-592-708,451,13.883274901630612,minmaxnorm
195,Q0,WSJ890814-0051,452,13.831350611504304,minmaxnorm
195,Q0,AP881007-0204,453,13.790741940464741,minmaxnorm
195,Q0,WSJ870917-0021,454,13.77406098272982,minmaxnorm
195,Q0,WSJ910516-0091,455,13.772479173240454,minmaxnorm
195,Q0,WSJ910506-0170,456,13.768093680111537,minmaxnorm
195,Q0,AP890421-0268,457,13.76441421279902,minmaxnorm
195,Q0,WSJ900702-0146,458,13.758949168290446,minmaxnorm
195,Q0,AP891020-0283,459,13.750050952500006,minmaxnorm
195,Q0,WSJ880325-0023,460,13.739786833842711,minmaxnorm
195,Q0,WSJ891017-0025,461,13.719130092602539,minmaxnorm
195,Q0,AP880520-0291,462,13.67169442236869,minmaxnorm
195,Q0,WSJ870820-0014,463,13.656872539644258,minmaxnorm
195,Q0,AP890213-0241,464,13.63393615672147,minmaxnorm
195,Q0,WSJ880218-0009,465,13.613036782521561,minmaxnorm
195,Q0,WSJ881018-0133,466,13.611212875579277,minmaxnorm
195,Q0,WSJ910114-0026,467,13.600567289922896,minmaxnorm
195,Q0,WSJ871021-0069,468,13.593053030096135,minmaxnorm
195,Q0,WSJ900525-0088,469,13.536089770857926,minmaxnorm
195,Q0,WSJ871211-0088,470,13.531419129410233,minmaxnorm
195,Q0,WSJ910617-0100,471,13.516068531964509,minmaxnorm
195,Q0,AP891016-0249,472,13.506141352157668,minmaxnorm
195,Q0,WSJ870930-0025,473,13.499354633058141,minmaxnorm
195,Q0,WSJ880921-0054,474,13.490879333033785,minmaxnorm
195,Q0,AP881028-0323,475,13.485165449342702,minmaxnorm
195,Q0,AP880722-0308,476,13.469274269302078,minmaxnorm
195,Q0,WSJ890727-0009,477,13.455284335523237,minmaxnorm
195,Q0,WSJ910607-0158,478,13.41808105341116,minmaxnorm
195,Q0,WSJ911022-0118,479,13.41647743385045,minmaxnorm
195,Q0,AP890615-0271,480,13.378861129137048,minmaxnorm
195,Q0,AP890324-0214,481,13.370736366763012,minmaxnorm
195,Q0,ZF207-118-340,482,13.363110774042175,minmaxnorm
195,Q0,WSJ900806-0035,483,13.342965178928566,minmaxnorm
195,Q0,WSJ900710-0009,484,13.303571919718149,minmaxnorm
195,Q0,AP890424-0262,485,13.255109240636864,minmaxnorm
195,Q0,AP891013-0175,486,13.240307832827106,minmaxnorm
195,Q0,ZF108-420-670,487,13.201592325536634,minmaxnorm
195,Q0,WSJ881017-0062,488,13.161022642594531,minmaxnorm
195,Q0,WSJ871022-0096,489,13.1429728388748,minmaxnorm
195,Q0,WSJ911125-0115,490,13.14140317888852,minmaxnorm
195,Q0,WSJ900402-0194,491,13.096267265321526,minmaxnorm
195,Q0,WSJ880413-0073,492,13.071611804823103,minmaxnorm
195,Q0,WSJ880520-0078,493,13.047071628051437,minmaxnorm
195,Q0,ZF207-890-664,494,13.034817740926524,minmaxnorm
195,Q0,WSJ881005-0129,495,13.023293045989345,minmaxnorm
195,Q0,AP890627-0234,496,12.998648086610112,minmaxnorm
195,Q0,WSJ891002-0085,497,12.995381096918427,minmaxnorm
195,Q0,WSJ880208-0089,498,12.971213653803687,minmaxnorm
195,Q0,WSJ871026-0132,499,12.934662676785374,minmaxnorm
195,Q0,AP880902-0270,500,12.925156280646862,minmaxnorm
195,Q0,WSJ890728-0107,501,12.911674600550004,minmaxnorm
195,Q0,WSJ880725-0125,502,12.908002418175695,minmaxnorm
195,Q0,WSJ880421-0117,503,12.907290645757318,minmaxnorm
195,Q0,WSJ880229-0057,504,12.903812912208325,minmaxnorm
195,Q0,WSJ891019-0010,505,12.903039359034874,minmaxnorm
195,Q0,AP890530-0267,506,12.863256170060426,minmaxnorm
195,Q0,WSJ910226-0046,507,12.846370577541345,minmaxnorm
195,Q0,WSJ900724-0091,508,12.81077224285049,minmaxnorm
195,Q0,WSJ871028-0078,509,12.777495641661437,minmaxnorm
195,Q0,WSJ880127-0065,510,12.715053597351854,minmaxnorm
195,Q0,WSJ901227-0059,511,12.695662772685699,minmaxnorm
195,Q0,AP890120-0231,512,12.655563707056602,minmaxnorm
195,Q0,AP880719-0293,513,12.619971397103015,minmaxnorm
195,Q0,WSJ911213-0192,514,12.615386316388804,minmaxnorm
195,Q0,WSJ910320-0085,515,12.599435045856739,minmaxnorm
195,Q0,AP890824-0239,516,12.59923408872876,minmaxnorm
195,Q0,WSJ880111-0012,517,12.594711664039497,minmaxnorm
195,Q0,AP880706-0288,518,12.504987046978599,minmaxnorm
195,Q0,AP891020-0319,519,12.495998830486359,minmaxnorm
195,Q0,AP880507-0215,520,12.475677222869013,minmaxnorm
195,Q0,WSJ871009-0026,521,12.459828245442992,minmaxnorm
195,Q0,WSJ871127-0158,522,12.458807914994894,minmaxnorm
195,Q0,WSJ871022-0035,523,12.455602917745924,minmaxnorm
195,Q0,AP880810-0329,524,12.451457907072953,minmaxnorm
195,Q0,WSJ870224-0045,525,12.448299973400728,minmaxnorm
195,Q0,WSJ871102-0009,526,12.416434467029758,minmaxnorm
195,Q0,WSJ900725-0060,527,12.399380209329884,minmaxnorm
195,Q0,WSJ871022-0027,528,12.370780008655656,minmaxnorm
195,Q0,AP890509-0261,529,12.33984534844588,minmaxnorm
195,Q0,WSJ880818-0132,530,12.331554403949589,minmaxnorm
195,Q0,WSJ871110-0093,531,12.330403930899358,minmaxnorm
195,Q0,AP891024-0256,532,12.321315169564302,minmaxnorm
195,Q0,WSJ910306-0064,533,12.299513633100084,minmaxnorm
195,Q0,WSJ891031-0063,534,12.297157161333622,minmaxnorm
195,Q0,AP880411-0284,535,12.295709435074826,minmaxnorm
195,Q0,WSJ871028-0130,536,12.284868801722087,minmaxnorm
195,Q0,ZF207-307-581,537,12.283742739182484,minmaxnorm
195,Q0,AP880510-0306,538,12.202197571376837,minmaxnorm
195,Q0,WSJ870701-0008,539,12.20147835622477,minmaxnorm
195,Q0,AP890530-0273,540,12.193598475641505,minmaxnorm
195,Q0,WSJ910215-0037,541,12.17814608041348,minmaxnorm
195,Q0,AP891016-0125,542,12.166214359568212,minmaxnorm
195,Q0,WSJ910702-0048,543,12.164942449801087,minmaxnorm
195,Q0,WSJ870504-0006,544,12.148063561481354,minmaxnorm
195,Q0,AP891016-0275,545,12.130312450601364,minmaxnorm
195,Q0,WSJ891027-0069,546,12.125874184542754,minmaxnorm
195,Q0,WSJ871021-0066,547,12.121915140855611,minmaxnorm
195,Q0,AP880323-0291,548,12.011021566189134,minmaxnorm
195,Q0,AP891012-0329,549,11.981955422566333,minmaxnorm
195,Q0,WSJ920214-0120,550,11.981665661647561,minmaxnorm
195,Q0,AP890803-0292,551,11.972624773621789,minmaxnorm
195,Q0,WSJ900418-0045,552,11.955239369803047,minmaxnorm
195,Q0,WSJ870116-0012,553,11.93544608286155,minmaxnorm
195,Q0,WSJ871026-0040,554,11.928950223849382,minmaxnorm
195,Q0,WSJ870114-0083,555,11.914859450325272,minmaxnorm
195,Q0,WSJ881019-0103,556,11.82744020254517,minmaxnorm
195,Q0,WSJ920110-0023,557,11.82096322426581,minmaxnorm
195,Q0,AP891018-0236,558,11.771732522353616,minmaxnorm
195,Q0,ZF207-174-182,559,11.771641021572716,minmaxnorm
195,Q0,WSJ911011-0070,560,11.733745982886077,minmaxnorm
195,Q0,WSJ890928-0103,561,11.711012114836304,minmaxnorm
195,Q0,WSJ900712-0055,562,11.708922947103257,minmaxnorm
195,Q0,AP890424-0295,563,11.708094826490493,minmaxnorm
195,Q0,WSJ900727-0086,564,11.66847712751297,minmaxnorm
195,Q0,WSJ890801-0039,565,11.653508168511504,minmaxnorm
195,Q0,AP890808-0198,566,11.645693313275565,minmaxnorm
195,Q0,AP890213-0252,567,11.64061170936471,minmaxnorm
195,Q0,WSJ910211-0016,568,11.640040128914773,minmaxnorm
195,Q0,WSJ911210-0119,569,11.610825378200301,minmaxnorm
195,Q0,WSJ900606-0165,570,11.606612484362714,minmaxnorm
195,Q0,AP890627-0230,571,11.604575221687345,minmaxnorm
195,Q0,AP890613-0251,572,11.569766990639684,minmaxnorm
195,Q0,WSJ900531-0160,573,11.550810546024156,minmaxnorm
195,Q0,ZF107-961-888,574,11.549434257928297,minmaxnorm
195,Q0,WSJ900405-0069,575,11.526030468873513,minmaxnorm
195,Q0,WSJ911119-0084,576,11.515104840207952,minmaxnorm
195,Q0,WSJ910129-0028,577,11.512093888104964,minmaxnorm
195,Q0,WSJ910403-0030,578,11.502461690832423,minmaxnorm
195,Q0,AP891024-0260,579,11.488469363027665,minmaxnorm
195,Q0,ZF207-826-234,580,11.486057403343514,minmaxnorm
195,Q0,WSJ910628-0004,581,11.457829588568007,minmaxnorm
195,Q0,AP890609-0044,582,11.437625362223878,minmaxnorm
195,Q0,WSJ871103-0166,583,11.433550902779324,minmaxnorm
195,Q0,WSJ920114-0060,584,11.430871984577156,minmaxnorm
195,Q0,WSJ880118-0136,585,11.424167892130798,minmaxnorm
195,Q0,WSJ911010-0148,586,11.40835260688218,minmaxnorm
195,Q0,WSJ910404-0058,587,11.396856431049002,minmaxnorm
195,Q0,WSJ870123-0020,588,11.374788365463528,minmaxnorm
195,Q0,WSJ871012-0028,589,11.374148296747073,minmaxnorm
195,Q0,WSJ870309-0066,590,11.346531682532811,minmaxnorm
195,Q0,AP880713-0296,591,11.341298084641117,minmaxnorm
195,Q0,WSJ910409-0054,592,11.311219886703476,minmaxnorm
195,Q0,WSJ870128-0025,593,11.251096046773872,minmaxnorm
195,Q0,WSJ900725-0081,594,11.247033343250015,minmaxnorm
195,Q0,WSJ910326-0111,595,11.246300176881585,minmaxnorm
195,Q0,ZF207-835-020,596,11.15933975536182,minmaxnorm
195,Q0,WSJ911001-0077,597,11.150804315617764,minmaxnorm
195,Q0,WSJ880803-0069,598,11.113489459563096,minmaxnorm
195,Q0,AP880929-0276,599,11.110160499888297,minmaxnorm
195,Q0,AP890615-0256,600,11.106213118265998,minmaxnorm
195,Q0,WSJ880920-0047,601,11.09423692432064,minmaxnorm
195,Q0,WSJ891018-0054,602,11.078923218305603,minmaxnorm
195,Q0,WSJ920129-0011,603,11.059072772914728,minmaxnorm
195,Q0,WSJ890922-0008,604,11.051947990149838,minmaxnorm
195,Q0,AP890808-0212,605,11.047249062461663,minmaxnorm
195,Q0,WSJ900726-0036,606,11.041915546490397,minmaxnorm
195,Q0,WSJ900509-0116,607,11.034705267853488,minmaxnorm
195,Q0,WSJ891017-0163,608,11.025639697915528,minmaxnorm
195,Q0,WSJ881005-0073,609,11.005174807335502,minmaxnorm
195,Q0,WSJ890921-0094,610,10.986530537902327,minmaxnorm
195,Q0,AP891229-0042,611,10.966658869600781,minmaxnorm
195,Q0,WSJ871214-0070,612,10.955393112664748,minmaxnorm
195,Q0,AP890524-0311,613,10.946939452369298,minmaxnorm
195,Q0,AP891017-0251,614,10.924197198225542,minmaxnorm
195,Q0,WSJ910110-0011,615,10.91829292444733,minmaxnorm
195,Q0,WSJ910329-0097,616,10.917136353981247,minmaxnorm
195,Q0,WSJ870729-0125,617,10.898181589726326,minmaxnorm
195,Q0,WSJ881111-0087,618,10.890065538584135,minmaxnorm
195,Q0,WSJ920306-0086,619,10.872095990080702,minmaxnorm
195,Q0,WSJ910703-0122,620,10.847957534806591,minmaxnorm
195,Q0,WSJ871223-0002,621,10.843475370764233,minmaxnorm
195,Q0,AP891004-0265,622,10.839553849047672,minmaxnorm
195,Q0,WSJ871105-0126,623,10.835504223623014,minmaxnorm
195,Q0,WSJ891005-0042,624,10.831349445803346,minmaxnorm
195,Q0,WSJ900719-0001,625,10.81664402727846,minmaxnorm
195,Q0,WSJ901227-0110,626,10.805350025959948,minmaxnorm
195,Q0,WSJ911203-0016,627,10.792172573754224,minmaxnorm
195,Q0,AP891105-0089,628,10.789455324575245,minmaxnorm
195,Q0,WSJ870904-0041,629,10.779839602876262,minmaxnorm
195,Q0,WSJ880415-0035,630,10.768596706295703,minmaxnorm
195,Q0,WSJ880111-0022,631,10.766258959110246,minmaxnorm
195,Q0,WSJ890921-0076,632,10.727342935906394,minmaxnorm
195,Q0,WSJ910517-0065,633,10.718287106078101,minmaxnorm
195,Q0,WSJ881031-0004,634,10.66008499949478,minmaxnorm
195,Q0,WSJ870317-0032,635,10.648955632614491,minmaxnorm
195,Q0,WSJ871203-0008,636,10.625973547358722,minmaxnorm
195,Q0,WSJ920218-0141,637,10.620122047754922,minmaxnorm
195,Q0,AP890615-0266,638,10.617965235639003,minmaxnorm
195,Q0,WSJ880420-0054,639,10.616204707163782,minmaxnorm
195,Q0,WSJ880121-0041,640,10.593274357491524,minmaxnorm
195,Q0,AP891024-0117,641,10.582721195643298,minmaxnorm
195,Q0,WSJ900807-0008,642,10.579799232617345,minmaxnorm
195,Q0,AP890503-0255,643,10.561838896927961,minmaxnorm
195,Q0,WSJ910618-0168,644,10.54280044824561,minmaxnorm
195,Q0,AP891028-0049,645,10.540340553615787,minmaxnorm
195,Q0,WSJ871102-0005,646,10.523180701045364,minmaxnorm
195,Q0,WSJ871231-0080,647,10.49329074721782,minmaxnorm
195,Q0,WSJ920121-0151,648,10.48536146085759,minmaxnorm
195,Q0,WSJ910318-0149,649,10.479666435269227,minmaxnorm
195,Q0,WSJ871123-0053,650,10.479483648009793,minmaxnorm
195,Q0,AP890701-0161,651,10.472384838235357,minmaxnorm
195,Q0,WSJ900518-0129,652,10.466654425432372,minmaxnorm
195,Q0,AP880413-0267,653,10.460167731497663,minmaxnorm
195,Q0,WSJ871201-0007,654,10.449925603195023,minmaxnorm
195,Q0,WSJ870724-0018,655,10.448899549321917,minmaxnorm
195,Q0,WSJ880518-0047,656,10.440879802688535,minmaxnorm
195,Q0,WSJ880601-0154,657,10.439023332060389,minmaxnorm
195,Q0,AP880816-0346,658,10.435999611705803,minmaxnorm
195,Q0,AP890926-0265,659,10.378342736706106,minmaxnorm
195,Q0,AP890113-0255,660,10.3632005062779,minmaxnorm
195,Q0,WSJ871027-0014,661,10.351870186906188,minmaxnorm
195,Q0,WSJ890822-0032,662,10.3299058240111,minmaxnorm
195,Q0,WSJ900417-0147,663,10.304658954033545,minmaxnorm
195,Q0,AP881213-0276,664,10.302398092050867,minmaxnorm
195,Q0,WSJ910912-0039,665,10.295746245941285,minmaxnorm
195,Q0,WSJ910606-0010,666,10.29525138853522,minmaxnorm
195,Q0,WSJ910301-0152,667,10.285206820301195,minmaxnorm
195,Q0,WSJ890802-0023,668,10.281568534866171,minmaxnorm
195,Q0,WSJ870323-0062,669,10.28029350475139,minmaxnorm
195,Q0,WSJ871021-0031,670,10.268919236176064,minmaxnorm
195,Q0,AP890320-0277,671,10.26639971016407,minmaxnorm
195,Q0,WSJ920218-0158,672,10.25137442111614,minmaxnorm
195,Q0,ZF207-294-835,673,10.220915177508994,minmaxnorm
195,Q0,WSJ880902-0018,674,10.216407913105234,minmaxnorm
195,Q0,WSJ880526-0074,675,10.214192793776663,minmaxnorm
195,Q0,WSJ871109-0110,676,10.139520799025373,minmaxnorm
195,Q0,WSJ871020-0011,677,10.13074160434979,minmaxnorm
195,Q0,WSJ881012-0079,678,10.100415060877545,minmaxnorm
195,Q0,AP880318-0322,679,10.098175352549104,minmaxnorm
195,Q0,FR89420-0021,680,10.07878217998177,minmaxnorm
195,Q0,WSJ881003-0055,681,10.062253855728116,minmaxnorm
195,Q0,WSJ900912-0019,682,10.061370120385451,minmaxnorm
195,Q0,AP881209-0241,683,10.056490500933002,minmaxnorm
195,Q0,WSJ881116-0012,684,10.053406877294588,minmaxnorm
195,Q0,WSJ871211-0028,685,10.05333454169628,minmaxnorm
195,Q0,WSJ911025-0080,686,10.047529307020335,minmaxnorm
195,Q0,WSJ871203-0144,687,10.040925419063589,minmaxnorm
195,Q0,WSJ880928-0164,688,10.031785503292092,minmaxnorm
195,Q0,WSJ900720-0064,689,10.019301339248242,minmaxnorm
195,Q0,WSJ870824-0118,690,10.012842968787728,minmaxnorm
195,Q0,AP891024-0243,691,10.004566375426059,minmaxnorm
195,Q0,WSJ870824-0090,692,10.003501645246686,minmaxnorm
195,Q0,WSJ910306-0054,693,9.998484064880858,minmaxnorm
195,Q0,WSJ910107-0109,694,9.996924064355689,minmaxnorm
195,Q0,AP880714-0247,695,9.989896772401476,minmaxnorm
195,Q0,ZF108-669-680,696,9.989529522098078,minmaxnorm
195,Q0,WSJ880511-0104,697,9.985478957383862,minmaxnorm
195,Q0,WSJ870424-0052,698,9.984033560417199,minmaxnorm
195,Q0,AP890421-0266,699,9.983728000858429,minmaxnorm
195,Q0,WSJ880411-0028,700,9.97906449575759,minmaxnorm
195,Q0,WSJ870929-0029,701,9.978130045517846,minmaxnorm
195,Q0,WSJ871222-0107,702,9.972747278785713,minmaxnorm
195,Q0,WSJ910207-0062,703,9.956180377317256,minmaxnorm
195,Q0,WSJ920203-0012,704,9.943824367857792,minmaxnorm
195,Q0,AP890316-0271,705,9.909884533918511,minmaxnorm
195,Q0,WSJ880118-0034,706,9.90967851154174,minmaxnorm
195,Q0,ZF109-490-479,707,9.904295559798523,minmaxnorm
195,Q0,WSJ880927-0115,708,9.896472329500218,minmaxnorm
195,Q0,WSJ880817-0131,709,9.889295960108893,minmaxnorm
195,Q0,WSJ920302-0009,710,9.872791935163242,minmaxnorm
195,Q0,WSJ910624-0002,711,9.84303853481004,minmaxnorm
195,Q0,WSJ880406-0108,712,9.838594876944963,minmaxnorm
195,Q0,WSJ891016-0085,713,9.79956615386443,minmaxnorm
195,Q0,AP880406-0282,714,9.798877266781485,minmaxnorm
195,Q0,WSJ891009-0036,715,9.774825100176312,minmaxnorm
195,Q0,WSJ911107-0063,716,9.77356297057676,minmaxnorm
195,Q0,ZF108-822-958,717,9.765644923071031,minmaxnorm
195,Q0,AP880604-0202,718,9.755056732857856,minmaxnorm
195,Q0,WSJ900403-0124,719,9.74345058284343,minmaxnorm
195,Q0,WSJ910614-0055,720,9.73397749886753,minmaxnorm
195,Q0,DOE1-17-0385,721,9.723784870820218,minmaxnorm
195,Q0,WSJ910522-0046,722,9.712203095917605,minmaxnorm
195,Q0,WSJ861201-0027,723,9.7119960182287,minmaxnorm
195,Q0,WSJ870810-0100,724,9.708096448648034,minmaxnorm
195,Q0,WSJ900814-0042,725,9.666138492791312,minmaxnorm
195,Q0,AP890316-0279,726,9.664362475996187,minmaxnorm
195,Q0,AP880502-0267,727,9.638729652749399,minmaxnorm
195,Q0,WSJ871102-0082,728,9.630175956600379,minmaxnorm
195,Q0,AP880624-0307,729,9.601153486580417,minmaxnorm
195,Q0,WSJ900720-0073,730,9.591576092399645,minmaxnorm
195,Q0,WSJ870123-0069,731,9.549515236714782,minmaxnorm
195,Q0,AP891017-0247,732,9.539039651027373,minmaxnorm
195,Q0,WSJ910911-0068,733,9.524725338270107,minmaxnorm
195,Q0,WSJ910226-0027,734,9.501340793671554,minmaxnorm
195,Q0,DOE1-90-0197,735,9.494091591615792,minmaxnorm
195,Q0,AP891021-0065,736,9.482463807214902,minmaxnorm
195,Q0,WSJ880104-0041,737,9.475106177191627,minmaxnorm
195,Q0,WSJ910828-0020,738,9.465908132546181,minmaxnorm
195,Q0,WSJ871113-0111,739,9.46394322601892,minmaxnorm
195,Q0,AP881021-0259,740,9.460188159574031,minmaxnorm
195,Q0,WSJ880825-0095,741,9.452654799185435,minmaxnorm
195,Q0,AP880906-0225,742,9.445954310111924,minmaxnorm
195,Q0,WSJ871026-0024,743,9.444276003690975,minmaxnorm
195,Q0,AP891221-0256,744,9.410630136657462,minmaxnorm
195,Q0,ZF207-511-120,745,9.403780726564701,minmaxnorm
195,Q0,WSJ910417-0103,746,9.37859595401968,minmaxnorm
195,Q0,WSJ891102-0095,747,9.374561377487703,minmaxnorm
195,Q0,ZF207-705-676,748,9.37266477700727,minmaxnorm
195,Q0,WSJ870212-0036,749,9.3415617818631,minmaxnorm
195,Q0,AP891103-0263,750,9.335820529518436,minmaxnorm
195,Q0,WSJ880906-0146,751,9.324080900743262,minmaxnorm
195,Q0,WSJ871019-0045,752,9.322710346167415,minmaxnorm
195,Q0,WSJ920117-0099,753,9.291451668483662,minmaxnorm
195,Q0,AP881021-0261,754,9.285618029166258,minmaxnorm
195,Q0,WSJ900402-0024,755,9.271963185708021,minmaxnorm
195,Q0,ZF109-528-137,756,9.26951716670206,minmaxnorm
195,Q0,AP891016-0244,757,9.259264619212313,minmaxnorm
195,Q0,AP880519-0135,758,9.244373100285307,minmaxnorm
195,Q0,WSJ880825-0035,759,9.224757057430837,minmaxnorm
195,Q0,WSJ871027-0112,760,9.172657616503741,minmaxnorm
195,Q0,ZF207-886-586,761,9.165765633806997,minmaxnorm
195,Q0,WSJ880325-0027,762,9.158390879202496,minmaxnorm
195,Q0,WSJ871019-0137,763,9.157298454074146,minmaxnorm
195,Q0,AP880928-0242,764,9.12698291449997,minmaxnorm
195,Q0,AP890421-0234,765,9.113691393867219,minmaxnorm
195,Q0,WSJ870123-0092,766,9.110105134311947,minmaxnorm
195,Q0,WSJ871023-0108,767,9.10314499418666,minmaxnorm
195,Q0,WSJ900827-0022,768,9.095152030236237,minmaxnorm
195,Q0,WSJ900912-0050,769,9.071544527278956,minmaxnorm
195,Q0,AP891024-0270,770,9.021938607064067,minmaxnorm
195,Q0,WSJ911023-0104,771,8.99582356474666,minmaxnorm
195,Q0,ZF108-755-530,772,8.986035712133035,minmaxnorm
195,Q0,WSJ911021-0059,773,8.974121576872367,minmaxnorm
195,Q0,AP880413-0285,774,8.952099776820514,minmaxnorm
195,Q0,AP890404-0029,775,8.950968113832719,minmaxnorm
195,Q0,WSJ881114-0097,776,8.929329228448921,minmaxnorm
195,Q0,AP891004-0270,777,8.925301181677494,minmaxnorm
195,Q0,WSJ880504-0022,778,8.923154021332314,minmaxnorm
195,Q0,WSJ900827-0030,779,8.90650284289335,minmaxnorm
195,Q0,WSJ881104-0096,780,8.903048025246127,minmaxnorm
195,Q0,WSJ870213-0010,781,8.899311320943964,minmaxnorm
195,Q0,AP890929-0225,782,8.894828378548512,minmaxnorm
195,Q0,ZF107-913-660,783,8.894083655626183,minmaxnorm
195,Q0,WSJ870120-0011,784,8.88929745759618,minmaxnorm
195,Q0,WSJ880106-0023,785,8.860964374481348,minmaxnorm
195,Q0,DOE1-17-0823,786,8.85248396800849,minmaxnorm
195,Q0,WSJ910424-0004,787,8.851597634550096,minmaxnorm
195,Q0,WSJ900618-0126,788,8.821634401307373,minmaxnorm
195,Q0,WSJ920207-0112,789,8.813478672217943,minmaxnorm
195,Q0,WSJ880310-0012,790,8.801129447943417,minmaxnorm
195,Q0,WSJ920224-0029,791,8.800408184489235,minmaxnorm
195,Q0,WSJ910221-0175,792,8.797885204287553,minmaxnorm
195,Q0,WSJ871109-0021,793,8.787215542277316,minmaxnorm
195,Q0,AP881014-0102,794,8.786012408912644,minmaxnorm
195,Q0,WSJ880115-0001,795,8.785038232346576,minmaxnorm
195,Q0,AP881209-0206,796,8.778987713487945,minmaxnorm
195,Q0,WSJ880321-0020,797,8.769868338471504,minmaxnorm
195,Q0,WSJ880307-0008,798,8.7492341621136,minmaxnorm
195,Q0,WSJ880523-0168,799,8.734905167349208,minmaxnorm
195,Q0,WSJ910531-0124,800,8.7225276052585,minmaxnorm
195,Q0,AP890804-0171,801,8.69471245412207,minmaxnorm
195,Q0,WSJ891102-0104,802,8.692347205313151,minmaxnorm
195,Q0,WSJ891102-0176,803,8.691641052991423,minmaxnorm
195,Q0,WSJ880614-0120,804,8.683804460030565,minmaxnorm
195,Q0,WSJ891009-0100,805,8.658782217244834,minmaxnorm
195,Q0,WSJ870629-0041,806,8.658650944717198,minmaxnorm
195,Q0,WSJ871028-0064,807,8.651556915355703,minmaxnorm
195,Q0,WSJ880816-0006,808,8.611058278358,minmaxnorm
195,Q0,WSJ900622-0052,809,8.598269988049061,minmaxnorm
195,Q0,AP880725-0270,810,8.596400529045248,minmaxnorm
195,Q0,WSJ910517-0145,811,8.582832100330055,minmaxnorm
195,Q0,WSJ871230-0046,812,8.576679819554414,minmaxnorm
195,Q0,AP891103-0246,813,8.537997935590901,minmaxnorm
195,Q0,WSJ880428-0025,814,8.517854057947558,minmaxnorm
195,Q0,WSJ880115-0037,815,8.515039593743081,minmaxnorm
195,Q0,WSJ910528-0133,816,8.513864771585329,minmaxnorm
195,Q0,WSJ871110-0086,817,8.50696218798675,minmaxnorm
195,Q0,AP891128-0190,818,8.499918123967475,minmaxnorm
195,Q0,AP880407-0259,819,8.496547841756314,minmaxnorm
195,Q0,WSJ871113-0040,820,8.482319456975944,minmaxnorm
195,Q0,AP891016-0258,821,8.480919109551062,minmaxnorm
195,Q0,WSJ911015-0020,822,8.475726660871135,minmaxnorm
195,Q0,WSJ900830-0124,823,8.45760533420913,minmaxnorm
195,Q0,WSJ900821-0032,824,8.451500681859233,minmaxnorm
195,Q0,WSJ910619-0042,825,8.444474479649923,minmaxnorm
195,Q0,WSJ900725-0152,826,8.43187495344455,minmaxnorm
195,Q0,AP890114-0155,827,8.403280074413619,minmaxnorm
195,Q0,WSJ910719-0022,828,8.399066358417366,minmaxnorm
195,Q0,AP880212-0148,829,8.39163516039618,minmaxnorm
195,Q0,WSJ891017-0087,830,8.379109495679183,minmaxnorm
195,Q0,WSJ920102-0071,831,8.362906487631275,minmaxnorm
195,Q0,AP890815-0235,832,8.356368182437734,minmaxnorm
195,Q0,WSJ891017-0068,833,8.350678374562726,minmaxnorm
195,Q0,WSJ910118-0004,834,8.333331605781275,minmaxnorm
195,Q0,AP881019-0274,835,8.330730751772196,minmaxnorm
195,Q0,WSJ880818-0032,836,8.324536367055583,minmaxnorm
195,Q0,AP881206-0247,837,8.317964094796674,minmaxnorm
195,Q0,AP880527-0020,838,8.301872031554133,minmaxnorm
195,Q0,WSJ881003-0008,839,8.299906359579095,minmaxnorm
195,Q0,WSJ870130-0056,840,8.294721503431587,minmaxnorm
195,Q0,WSJ881117-0019,841,8.28361704411812,minmaxnorm
195,Q0,WSJ871016-0041,842,8.280823922392235,minmaxnorm
195,Q0,AP880916-0269,843,8.274862213310657,minmaxnorm
195,Q0,WSJ890911-0015,844,8.245461790308926,minmaxnorm
195,Q0,AP891129-0296,845,8.229382791083848,minmaxnorm
195,Q0,WSJ871027-0119,846,8.221672902757165,minmaxnorm
195,Q0,WSJ910718-0008,847,8.217077028751948,minmaxnorm
195,Q0,WSJ880913-0117,848,8.19988971783615,minmaxnorm
195,Q0,AP891026-0249,849,8.199858441872145,minmaxnorm
195,Q0,WSJ870807-0013,850,8.193731614885127,minmaxnorm
195,Q0,WSJ891026-0020,851,8.188937468016347,minmaxnorm
195,Q0,AP880510-0119,852,8.17194622383679,minmaxnorm
195,Q0,WSJ880512-0099,853,8.165042075511534,minmaxnorm
195,Q0,WSJ900822-0071,854,8.164008877854627,minmaxnorm
195,Q0,AP880510-0310,855,8.135316395599075,minmaxnorm
195,Q0,AP880708-0301,856,8.130316588741819,minmaxnorm
195,Q0,ZF207-826-822,857,8.121078142698837,minmaxnorm
195,Q0,WSJ870918-0175,858,8.098343170144885,minmaxnorm
195,Q0,WSJ870812-0071,859,8.077533820508426,minmaxnorm
195,Q0,WSJ900709-0003,860,8.065591038994446,minmaxnorm
195,Q0,WSJ911119-0149,861,8.052621538260887,minmaxnorm
195,Q0,AP890823-0217,862,8.04663245763724,minmaxnorm
195,Q0,WSJ870316-0075,863,8.043163262530538,minmaxnorm
195,Q0,WSJ910116-0075,864,8.035562210547827,minmaxnorm
195,Q0,WSJ871201-0054,865,8.032249799164095,minmaxnorm
195,Q0,WSJ910506-0069,866,8.030985080529472,minmaxnorm
195,Q0,WSJ890922-0116,867,8.018162023717325,minmaxnorm
195,Q0,AP891016-0288,868,8.0108102599696,minmaxnorm
195,Q0,ZF109-460-767,869,8.005830019439657,minmaxnorm
195,Q0,WSJ870429-0014,870,8.001697082022396,minmaxnorm
195,Q0,WSJ910207-0135,871,7.981539633092485,minmaxnorm
195,Q0,AP890711-0246,872,7.97431503730495,minmaxnorm
195,Q0,WSJ880504-0061,873,7.961663612515046,minmaxnorm
195,Q0,WSJ890919-0124,874,7.956062987331389,minmaxnorm
195,Q0,AP881025-0270,875,7.932170919687286,minmaxnorm
195,Q0,WSJ880311-0076,876,7.931732733302329,minmaxnorm
195,Q0,WSJ900523-0081,877,7.929425664439069,minmaxnorm
195,Q0,WSJ910920-0004,878,7.918648723926362,minmaxnorm
195,Q0,WSJ890825-0157,879,7.906096516178774,minmaxnorm
195,Q0,WSJ920115-0082,880,7.879418785845961,minmaxnorm
195,Q0,WSJ880104-0036,881,7.875036704091598,minmaxnorm
195,Q0,WSJ881103-0026,882,7.86432037379452,minmaxnorm
195,Q0,AP890908-0258,883,7.862685860930949,minmaxnorm
195,Q0,WSJ871027-0007,884,7.862390857479208,minmaxnorm
195,Q0,WSJ881026-0099,885,7.859112349881016,minmaxnorm
195,Q0,WSJ880129-0052,886,7.851971371208711,minmaxnorm
195,Q0,WSJ871211-0066,887,7.833250396026359,minmaxnorm
195,Q0,WSJ871027-0016,888,7.8286573983646655,minmaxnorm
195,Q0,AP890509-0268,889,7.820858457700245,minmaxnorm
195,Q0,WSJ891017-0058,890,7.812669860712952,minmaxnorm
195,Q0,WSJ870611-0005,891,7.811956325845504,minmaxnorm
195,Q0,WSJ880311-0015,892,7.8078591722380155,minmaxnorm
195,Q0,ZF207-519-420,893,7.80677830448243,minmaxnorm
195,Q0,WSJ871026-0003,894,7.800783262083964,minmaxnorm
195,Q0,AP881019-0227,895,7.78592548332764,minmaxnorm
195,Q0,WSJ881018-0046,896,7.784365306011528,minmaxnorm
195,Q0,AP890612-0283,897,7.771805556006432,minmaxnorm
195,Q0,WSJ900516-0146,898,7.761623110878966,minmaxnorm
195,Q0,WSJ900807-0004,899,7.74895697589213,minmaxnorm
195,Q0,WSJ900724-0085,900,7.732192218456716,minmaxnorm
195,Q0,WSJ871027-0037,901,7.699048708766876,minmaxnorm
195,Q0,WSJ910319-0181,902,7.694864304584085,minmaxnorm
195,Q0,WSJ910228-0106,903,7.689249888194877,minmaxnorm
195,Q0,WSJ880810-0001,904,7.681805328746963,minmaxnorm
195,Q0,ZF108-755-728,905,7.681799390792519,minmaxnorm
195,Q0,WSJ890914-0066,906,7.660751691888872,minmaxnorm
195,Q0,WSJ880608-0123,907,7.649681397381358,minmaxnorm
195,Q0,WSJ910814-0040,908,7.647873098268072,minmaxnorm
195,Q0,WSJ870526-0026,909,7.626942414272672,minmaxnorm
195,Q0,WSJ880118-0140,910,7.621295222812462,minmaxnorm
195,Q0,WSJ881024-0073,911,7.610921889223809,minmaxnorm
195,Q0,ZF207-458-330,912,7.600343476722234,minmaxnorm
195,Q0,AP880223-0269,913,7.592620473195297,minmaxnorm
195,Q0,WSJ910208-0050,914,7.591702138489659,minmaxnorm
195,Q0,WSJ880104-0014,915,7.565745873685506,minmaxnorm
195,Q0,WSJ900423-0136,916,7.550776419969213,minmaxnorm
195,Q0,WSJ881003-0128,917,7.546255148950181,minmaxnorm
195,Q0,WSJ871207-0107,918,7.5386284137346475,minmaxnorm
195,Q0,AP891211-0298,919,7.527146183682209,minmaxnorm
195,Q0,WSJ880210-0040,920,7.518555920535565,minmaxnorm
195,Q0,WSJ910605-0014,921,7.5065381866247645,minmaxnorm
195,Q0,WSJ920109-0014,922,7.501951258616812,minmaxnorm
195,Q0,AP880815-0315,923,7.4983208666423256,minmaxnorm
195,Q0,AP890627-0243,924,7.489518249005679,minmaxnorm
195,Q0,WSJ870129-0010,925,7.488036448347439,minmaxnorm
195,Q0,AP880502-0275,926,7.479173756534043,minmaxnorm
195,Q0,WSJ880627-0116,927,7.475974873519897,minmaxnorm
195,Q0,AP891215-0255,928,7.463750543459344,minmaxnorm
195,Q0,WSJ910723-0003,929,7.4422550782817565,minmaxnorm
195,Q0,WSJ900815-0038,930,7.441162307087795,minmaxnorm
195,Q0,WSJ890811-0078,931,7.4357921616820635,minmaxnorm
195,Q0,AP891206-0206,932,7.422816420404405,minmaxnorm
195,Q0,AP880325-0291,933,7.4047116350891455,minmaxnorm
195,Q0,WSJ910425-0067,934,7.393512648112074,minmaxnorm
195,Q0,AP890809-0122,935,7.389326723336469,minmaxnorm
195,Q0,WSJ871027-0001,936,7.386522577704946,minmaxnorm
195,Q0,WSJ890908-0060,937,7.384978531859606,minmaxnorm
195,Q0,AP891227-0183,938,7.3736329342594855,minmaxnorm
195,Q0,WSJ900627-0112,939,7.366928190485714,minmaxnorm
195,Q0,WSJ900529-0012,940,7.3616394642622325,minmaxnorm
195,Q0,WSJ910412-0069,941,7.356144020874706,minmaxnorm
195,Q0,WSJ871117-0023,942,7.3518588620526515,minmaxnorm
195,Q0,ZF207-647-297,943,7.3485303584868795,minmaxnorm
195,Q0,WSJ880825-0052,944,7.341371427888237,minmaxnorm
195,Q0,WSJ881007-0014,945,7.33819471079753,minmaxnorm
195,Q0,WSJ910517-0026,946,7.300204127955839,minmaxnorm
195,Q0,AP880929-0265,947,7.298495393781409,minmaxnorm
195,Q0,AP880920-0284,948,7.2779640444103375,minmaxnorm
195,Q0,AP880913-0238,949,7.269212880335552,minmaxnorm
195,Q0,WSJ880203-0099,950,7.262730033954871,minmaxnorm
195,Q0,AP891206-0189,951,7.257785290145085,minmaxnorm
195,Q0,ZF109-577-653,952,7.2526064296742945,minmaxnorm
195,Q0,WSJ910409-0013,953,7.230896043123758,minmaxnorm
195,Q0,AP890323-0266,954,7.229863299097334,minmaxnorm
195,Q0,ZF108-171-708,955,7.22794753852894,minmaxnorm
195,Q0,AP880811-0247,956,7.227006943242191,minmaxnorm
195,Q0,AP880317-0248,957,7.221061925349238,minmaxnorm
195,Q0,WSJ880318-0094,958,7.221012813213467,minmaxnorm
195,Q0,AP880318-0317,959,7.207621580687694,minmaxnorm
195,Q0,WSJ910618-0087,960,7.1844642170473,minmaxnorm
195,Q0,AP891206-0197,961,7.184285740464678,minmaxnorm
195,Q0,WSJ880829-0122,962,7.167515999009318,minmaxnorm
195,Q0,WSJ910402-0018,963,7.165367350819632,minmaxnorm
195,Q0,WSJ891017-0185,964,7.147760607521128,minmaxnorm
195,Q0,WSJ910205-0060,965,7.13643048910515,minmaxnorm
195,Q0,WSJ920311-0011,966,7.133361432813531,minmaxnorm
195,Q0,AP880829-0270,967,7.127445259317976,minmaxnorm
195,Q0,WSJ880728-0156,968,7.12494626961996,minmaxnorm
195,Q0,WSJ870409-0023,969,7.117295052426357,minmaxnorm
195,Q0,AP880729-0306,970,7.112908223156138,minmaxnorm
195,Q0,AP880422-0311,971,7.107795725186137,minmaxnorm
195,Q0,WSJ871111-0056,972,7.102316549682237,minmaxnorm
195,Q0,ZF108-798-264,973,7.100669071205365,minmaxnorm
195,Q0,WSJ880122-0071,974,7.096798468150775,minmaxnorm
195,Q0,ZF207-456-430,975,7.09112596083065,minmaxnorm
195,Q0,ZF207-687-572,976,7.085293055015922,minmaxnorm
195,Q0,WSJ871109-0010,977,7.083742197950023,minmaxnorm
195,Q0,WSJ880701-0101,978,7.069888561581017,minmaxnorm
195,Q0,WSJ920309-0118,979,7.064372372590902,minmaxnorm
195,Q0,WSJ871104-0051,980,7.058058430645683,minmaxnorm
195,Q0,AP880817-0319,981,7.0536795539177515,minmaxnorm
195,Q0,WSJ880519-0016,982,7.034253958666581,minmaxnorm
195,Q0,WSJ880310-0112,983,7.025507493408094,minmaxnorm
195,Q0,WSJ871113-0065,984,7.023710145631353,minmaxnorm
195,Q0,AP880503-0260,985,7.011699970629467,minmaxnorm
195,Q0,WSJ920319-0046,986,7.007743437012185,minmaxnorm
195,Q0,WSJ911127-0047,987,6.999103870107286,minmaxnorm
195,Q0,WSJ900606-0033,988,6.993970564044742,minmaxnorm
195,Q0,AP880910-0194,989,6.993812578702587,minmaxnorm
195,Q0,WSJ870227-0089,990,6.992861844888826,minmaxnorm
195,Q0,WSJ880412-0001,991,6.98117475090033,minmaxnorm
195,Q0,WSJ890726-0008,992,6.963672016512592,minmaxnorm
195,Q0,WSJ890927-0060,993,6.956890841933156,minmaxnorm
195,Q0,WSJ900822-0011,994,6.956075413894762,minmaxnorm
195,Q0,WSJ880128-0004,995,6.940583232018512,minmaxnorm
195,Q0,AP881021-0247,996,6.918588527026952,minmaxnorm
195,Q0,WSJ910110-0037,997,6.898054023347661,minmaxnorm
195,Q0,WSJ880802-0044,998,6.896183807670324,minmaxnorm
195,Q0,WSJ871030-0085,999,6.893373283089292,minmaxnorm
195,Q0,WSJ881101-0003,1000,6.888747860000125,minmaxnorm
